-6 -3 -0.710577
-6 -2.5 -0.521728
-6 -2 -0.136731
-6 -1.5 0.350153
-6 -1 0.819718
-6 -0.5 1.157
-6 0 1.27942
-6 0.5 1.157
-6 1 0.819718
-6 1.5 0.350153
-6 2 -0.136731
-6 2.5 -0.521728
-5.5 -3 -0.284452
-5.5 -2.5 -0.0956033
-5.5 -2 0.289393
-5.5 -1.5 0.776278
-5.5 -1 1.24584
-5.5 -0.5 1.58312
-5.5 0 1.70554
-5.5 0.5 1.58312
-5.5 1 1.24584
-5.5 1.5 0.776278
-5.5 2 0.289393
-5.5 2.5 -0.0956033
-5 -3 -0.0310682
-5 -2.5 0.157781
-5 -2 0.542777
-5 -1.5 1.02966
-5 -1 1.49923
-5 -0.5 1.83651
-5 0 1.95892
-5 0.5 1.83651
-5 1 1.49923
-5 1.5 1.02966
-5 2 0.542777
-5 2.5 0.157781
-4.5 -3 -0.0124624
-4.5 -2.5 0.176387
-4.5 -2 0.561383
-4.5 -1.5 1.04827
-4.5 -1 1.51783
-4.5 -0.5 1.85511
-4.5 0 1.97753
-4.5 0.5 1.85511
-4.5 1 1.51783
-4.5 1.5 1.04827
-4.5 2 0.561383
-4.5 2.5 0.176387
-4 -3 -0.23319
-4 -2.5 -0.0443411
-4 -2 0.340656
-4 -1.5 0.82754
-4 -1 1.2971
-4 -0.5 1.63439
-4 0 1.7568
-4 0.5 1.63439
-4 1 1.2971
-4 1.5 0.82754
-4 2 0.340656
-4 2.5 -0.0443411
-3.5 -3 -0.639209
-3.5 -2.5 -0.45036
-3.5 -2 -0.0653636
-3.5 -1.5 0.42152
-3.5 -1 0.891086
-3.5 -0.5 1.22837
-3.5 0 1.35078
-3.5 0.5 1.22837
-3.5 1 0.891086
-3.5 1.5 0.42152
-3.5 2 -0.0653636
-3.5 2.5 -0.45036
-3 -3 -1.13111
-3 -2.5 -0.942264
-3 -2 -0.557267
-3 -1.5 -0.0703828
-3 -1 0.399182
-3 -0.5 0.736463
-3 0 0.85888
-3 0.5 0.736463
-3 1 0.399182
-3 1.5 -0.0703828
-3 2 -0.557267
-3 2.5 -0.942264
-2.5 -3 -1.58846
-2.5 -2.5 -1.39962
-2.5 -2 -1.01462
-2.5 -1.5 -0.527735
-2.5 -1 -0.0581698
-2.5 -0.5 0.27911
-2.5 0 0.401528
-2.5 0.5 0.27911
-2.5 1 -0.0581698
-2.5 1.5 -0.527735
-2.5 2 -1.01462
-2.5 2.5 -1.39962
-2 -3 -1.89929
-2 -2.5 -1.71044
-2 -2 -1.32544
-2 -1.5 -0.83856
-2 -1 -0.368995
-2 -0.5 -0.0317149
-2 0 0.0907026
-2 0.5 -0.0317149
-2 1 -0.368995
-2 1.5 -0.83856
-2 2 -1.32544
-2 2.5 -1.71044
-1.5 -3 -1.98749
-1.5 -2.5 -1.79864
-1.5 -2 -1.41364
-1.5 -1.5 -0.926758
-1.5 -1 -0.457193
-1.5 -0.5 -0.119912
-1.5 0 0.00250501
-1.5 0.5 -0.119912
-1.5 1 -0.457193
-1.5 1.5 -0.926758
-1.5 2 -1.41364
-1.5 2.5 -1.79864
-1 -3 -1.83146
-1 -2.5 -1.64261
-1 -2 -1.25762
-1 -1.5 -0.770734
-1 -1 -0.301169
-1 -0.5 0.0361116
-1 0 0.158529
-1 0.5 0.0361116
-1 1 -0.301169
-1 1.5 -0.770734
-1 2 -1.25762
-1 2.5 -1.64261
-0.5 -3 -1.46942
-0.5 -2.5 -1.28057
-0.5 -2 -0.895572
-0.5 -1.5 -0.408688
-0.5 -1 0.0608768
-0.5 -0.5 0.398157
-0.5 0 0.520574
-0.5 0.5 0.398157
-0.5 1 0.0608768
-0.5 1.5 -0.408688
-0.5 2 -0.895572
-0.5 2.5 -1.28057
0 -3 -0.989992
0 -2.5 -0.801144
0 -2 -0.416147
0 -1.5 0.0707372
0 -1 0.540302
0 -0.5 0.877583
0 0 1
0 0.5 0.877583
0 1 0.540302
0 1.5 0.0707372
0 2 -0.416147
0 2.5 -0.801144
0.5 -3 -0.510567
0.5 -2.5 -0.321718
0.5 -2 0.0632787
0.5 -1.5 0.550163
0.5 -1 1.01973
0.5 -0.5 1.35701
0.5 0 1.47943
0.5 0.5 1.35701
0.5 1 1.01973
0.5 1.5 0.550163
0.5 2 0.0632787
0.5 2.5 -0.321718
1 -3 -0.148522
1 -2.5 0.0403274
1 -2 0.425324
1 -1.5 0.912208
1 -1 1.38177
1 -0.5 1.71905
1 0 1.84147
1 0.5 1.71905
1 1 1.38177
1 1.5 0.912208
1 2 0.425324
1 2.5 0.0403274
1.5 -3 0.00750249
1.5 -2.5 0.196351
1.5 -2 0.581348
1.5 -1.5 1.06823
1.5 -1 1.5378
1.5 -0.5 1.87508
1.5 0 1.99749
1.5 0.5 1.87508
1.5 1 1.5378
1.5 1.5 1.06823
1.5 2 0.581348
1.5 2.5 0.196351
2 -3 -0.0806951
2 -2.5 0.108154
2 -2 0.493151
2 -1.5 0.980035
2 -1 1.4496
2 -0.5 1.78688
2 0 1.9093
2 0.5 1.78688
2 1 1.4496
2 1.5 0.980035
2 2 0.493151
2 2.5 0.108154
2.5 -3 -0.39152
2.5 -2.5 -0.202671
2.5 -2 0.182325
2.5 -1.5 0.669209
2.5 -1 1.13877
2.5 -0.5 1.47605
2.5 0 1.59847
2.5 0.5 1.47605
2.5 1 1.13877
2.5 1.5 0.669209
2.5 2 0.182325
2.5 2.5 -0.202671

