-5 -5 6.95214e-23 6.95214e-23
-5 -4.8 7.53116e-23 7.53116e-23
-5 -4.6 8.13181e-23 8.13181e-23
-5 -4.4 8.75174e-23 8.75174e-23
-5 -4.2 9.38823e-23 9.38823e-23
-5 -4 1.00382e-22 1.00382e-22
-5 -3.8 1.06981e-22 1.06981e-22
-5 -3.6 1.13643e-22 1.13643e-22
-5 -3.4 1.20326e-22 1.20326e-22
-5 -3.2 1.26987e-22 1.26987e-22
-5 -3 1.33579e-22 1.33579e-22
-5 -2.8 1.40056e-22 1.40056e-22
-5 -2.6 1.46368e-22 1.46368e-22
-5 -2.4 1.52466e-22 1.52466e-22
-5 -2.2 1.583e-22 1.583e-22
-5 -2 1.63821e-22 1.63821e-22
-5 -1.8 1.68983e-22 1.68983e-22
-5 -1.6 1.73739e-22 1.73739e-22
-5 -1.4 1.78046e-22 1.78046e-22
-5 -1.2 1.81865e-22 1.81865e-22
-5 -1 1.85161e-22 1.85161e-22
-5 -0.8 1.87902e-22 1.87902e-22
-5 -0.6 1.90062e-22 1.90062e-22
-5 -0.4 1.91619e-22 1.91619e-22
-5 -0.2 1.9256e-22 1.9256e-22
-5 2.16493e-15 1.92875e-22 1.92875e-22
-5 0.2 1.9256e-22 1.9256e-22
-5 0.4 1.91619e-22 1.91619e-22
-5 0.6 1.90062e-22 1.90062e-22
-5 0.8 1.87902e-22 1.87902e-22
-5 1 1.85161e-22 1.85161e-22
-5 1.2 1.81865e-22 1.81865e-22
-5 1.4 1.78046e-22 1.78046e-22
-5 1.6 1.73739e-22 1.73739e-22
-5 1.8 1.68983e-22 1.68983e-22
-5 2 1.63821e-22 1.63821e-22
-5 2.2 1.583e-22 1.583e-22
-5 2.4 1.52466e-22 1.52466e-22
-5 2.6 1.46368e-22 1.46368e-22
-5 2.8 1.40056e-22 1.40056e-22
-5 3 1.33579e-22 1.33579e-22
-5 3.2 1.26987e-22 1.26987e-22
-5 3.4 1.20326e-22 1.20326e-22
-5 3.6 1.13643e-22 1.13643e-22
-5 3.8 1.06981e-22 1.06981e-22
-5 4 1.00382e-22 1.00382e-22
-5 4.2 9.38823e-23 9.38823e-23
-5 4.4 8.75174e-23 8.75174e-23
-5 4.6 8.13181e-23 8.13181e-23
-5 4.8 7.53116e-23 7.53116e-23
-4.8 -5 3.50391e-21 3.50391e-21
-4.8 -4.8 3.79574e-21 3.79574e-21
-4.8 -4.6 4.09847e-21 4.09847e-21
-4.8 -4.4 4.41092e-21 4.41092e-21
-4.8 -4.2 4.73171e-21 4.73171e-21
-4.8 -4 5.05929e-21 5.05929e-21
-4.8 -3.8 5.39191e-21 5.39191e-21
-4.8 -3.6 5.72766e-21 5.72766e-21
-4.8 -3.4 6.06449e-21 6.06449e-21
-4.8 -3.2 6.40019e-21 6.40019e-21
-4.8 -3 6.73246e-21 6.73246e-21
-4.8 -2.8 7.05888e-21 7.05888e-21
-4.8 -2.6 7.37701e-21 7.37701e-21
-4.8 -2.4 7.68434e-21 7.68434e-21
-4.8 -2.2 7.97838e-21 7.97838e-21
-4.8 -2 8.25667e-21 8.25667e-21
-4.8 -1.8 8.51681e-21 8.51681e-21
-4.8 -1.6 8.75651e-21 8.75651e-21
-4.8 -1.4 8.9736e-21 8.9736e-21
-4.8 -1.2 9.1661e-21 9.1661e-21
-4.8 -1 9.3322e-21 9.3322e-21
-4.8 -0.8 9.47034e-21 9.47034e-21
-4.8 -0.6 9.57919e-21 9.57919e-21
-4.8 -0.4 9.65771e-21 9.65771e-21
-4.8 -0.2 9.70513e-21 9.70513e-21
-4.8 2.16493e-15 9.72099e-21 9.72099e-21
-4.8 0.2 9.70513e-21 9.70513e-21
-4.8 0.4 9.65771e-21 9.65771e-21
-4.8 0.6 9.57919e-21 9.57919e-21
-4.8 0.8 9.47034e-21 9.47034e-21
-4.8 1 9.3322e-21 9.3322e-21
-4.8 1.2 9.1661e-21 9.1661e-21
-4.8 1.4 8.9736e-21 8.9736e-21
-4.8 1.6 8.75651e-21 8.75651e-21
-4.8 1.8 8.51681e-21 8.51681e-21
-4.8 2 8.25667e-21 8.25667e-21
-4.8 2.2 7.97838e-21 7.97838e-21
-4.8 2.4 7.68434e-21 7.68434e-21
-4.8 2.6 7.37701e-21 7.37701e-21
-4.8 2.8 7.05888e-21 7.05888e-21
-4.8 3 6.73246e-21 6.73246e-21
-4.8 3.2 6.40019e-21 6.40019e-21
-4.8 3.4 6.06449e-21 6.06449e-21
-4.8 3.6 5.72766e-21 5.72766e-21
-4.8 3.8 5.39191e-21 5.39191e-21
-4.8 4 5.05929e-21 5.05929e-21
-4.8 4.2 4.73171e-21 4.73171e-21
-4.8 4.4 4.41092e-21 4.41092e-21
-4.8 4.6 4.09847e-21 4.09847e-21
-4.8 4.8 3.79574e-21 3.79574e-21
-4.6 -5 1.50487e-19 1.50487e-19
-4.6 -4.8 1.63021e-19 1.63021e-19
-4.6 -4.6 1.76023e-19 1.76023e-19
-4.6 -4.4 1.89442e-19 1.89442e-19
-4.6 -4.2 2.0322e-19 2.0322e-19
-4.6 -4 2.17288e-19 2.17288e-19
-4.6 -3.8 2.31574e-19 2.31574e-19
-4.6 -3.6 2.45994e-19 2.45994e-19
-4.6 -3.4 2.6046e-19 2.6046e-19
-4.6 -3.2 2.74878e-19 2.74878e-19
-4.6 -3 2.89148e-19 2.89148e-19
-4.6 -2.8 3.03168e-19 3.03168e-19
-4.6 -2.6 3.16831e-19 3.16831e-19
-4.6 -2.4 3.3003e-19 3.3003e-19
-4.6 -2.2 3.42659e-19 3.42659e-19
-4.6 -2 3.54611e-19 3.54611e-19
-4.6 -1.8 3.65784e-19 3.65784e-19
-4.6 -1.6 3.76078e-19 3.76078e-19
-4.6 -1.4 3.85402e-19 3.85402e-19
-4.6 -1.2 3.93669e-19 3.93669e-19
-4.6 -1 4.00803e-19 4.00803e-19
-4.6 -0.8 4.06736e-19 4.06736e-19
-4.6 -0.6 4.11411e-19 4.11411e-19
-4.6 -0.4 4.14783e-19 4.14783e-19
-4.6 -0.2 4.1682e-19 4.1682e-19
-4.6 2.16493e-15 4.17501e-19 4.17501e-19
-4.6 0.2 4.1682e-19 4.1682e-19
-4.6 0.4 4.14783e-19 4.14783e-19
-4.6 0.6 4.11411e-19 4.11411e-19
-4.6 0.8 4.06736e-19 4.06736e-19
-4.6 1 4.00803e-19 4.00803e-19
-4.6 1.2 3.93669e-19 3.93669e-19
-4.6 1.4 3.85402e-19 3.85402e-19
-4.6 1.6 3.76078e-19 3.76078e-19
-4.6 1.8 3.65784e-19 3.65784e-19
-4.6 2 3.54611e-19 3.54611e-19
-4.6 2.2 3.42659e-19 3.42659e-19
-4.6 2.4 3.3003e-19 3.3003e-19
-4.6 2.6 3.16831e-19 3.16831e-19
-4.6 2.8 3.03168e-19 3.03168e-19
-4.6 3 2.89148e-19 2.89148e-19
-4.6 3.2 2.74878e-19 2.74878e-19
-4.6 3.4 2.6046e-19 2.6046e-19
-4.6 3.6 2.45994e-19 2.45994e-19
-4.6 3.8 2.31574e-19 2.31574e-19
-4.6 4 2.17288e-19 2.17288e-19
-4.6 4.2 2.0322e-19 2.0322e-19
-4.6 4.4 1.89442e-19 1.89442e-19
-4.6 4.6 1.76023e-19 1.76023e-19
-4.6 4.8 1.63021e-19 1.63021e-19
-4.4 -5 5.50757e-18 5.50757e-18
-4.4 -4.8 5.96628e-18 5.96628e-18
-4.4 -4.6 6.44212e-18 6.44212e-18
-4.4 -4.4 6.93324e-18 6.93324e-18
-4.4 -4.2 7.43748e-18 7.43748e-18
-4.4 -4 7.95237e-18 7.95237e-18
-4.4 -3.8 8.4752e-18 8.4752e-18
-4.4 -3.6 9.00295e-18 9.00295e-18
-4.4 -3.4 9.53238e-18 9.53238e-18
-4.4 -3.2 1.00601e-17 1.00601e-17
-4.4 -3 1.05823e-17 1.05823e-17
-4.4 -2.8 1.10954e-17 1.10954e-17
-4.4 -2.6 1.15955e-17 1.15955e-17
-4.4 -2.4 1.20785e-17 1.20785e-17
-4.4 -2.2 1.25407e-17 1.25407e-17
-4.4 -2 1.29781e-17 1.29781e-17
-4.4 -1.8 1.3387e-17 1.3387e-17
-4.4 -1.6 1.37638e-17 1.37638e-17
-4.4 -1.4 1.4105e-17 1.4105e-17
-4.4 -1.2 1.44076e-17 1.44076e-17
-4.4 -1 1.46687e-17 1.46687e-17
-4.4 -0.8 1.48858e-17 1.48858e-17
-4.4 -0.6 1.50569e-17 1.50569e-17
-4.4 -0.4 1.51803e-17 1.51803e-17
-4.4 -0.2 1.52549e-17 1.52549e-17
-4.4 2.16493e-15 1.52798e-17 1.52798e-17
-4.4 0.2 1.52549e-17 1.52549e-17
-4.4 0.4 1.51803e-17 1.51803e-17
-4.4 0.6 1.50569e-17 1.50569e-17
-4.4 0.8 1.48858e-17 1.48858e-17
-4.4 1 1.46687e-17 1.46687e-17
-4.4 1.2 1.44076e-17 1.44076e-17
-4.4 1.4 1.4105e-17 1.4105e-17
-4.4 1.6 1.37638e-17 1.37638e-17
-4.4 1.8 1.3387e-17 1.3387e-17
-4.4 2 1.29781e-17 1.29781e-17
-4.4 2.2 1.25407e-17 1.25407e-17
-4.4 2.4 1.20785e-17 1.20785e-17
-4.4 2.6 1.15955e-17 1.15955e-17
-4.4 2.8 1.10954e-17 1.10954e-17
-4.4 3 1.05823e-17 1.05823e-17
-4.4 3.2 1.00601e-17 1.00601e-17
-4.4 3.4 9.53238e-18 9.53238e-18
-4.4 3.6 9.00295e-18 9.00295e-18
-4.4 3.8 8.4752e-18 8.4752e-18
-4.4 4 7.95237e-18 7.95237e-18
-4.4 4.2 7.43748e-18 7.43748e-18
-4.4 4.4 6.93324e-18 6.93324e-18
-4.4 4.6 6.44212e-18 6.44212e-18
-4.4 4.8 5.96628e-18 5.96628e-18
-4.2 -5 1.71764e-16 1.71764e-16
-4.2 -4.8 1.8607e-16 1.8607e-16
-4.2 -4.6 2.0091e-16 2.0091e-16
-4.2 -4.4 2.16227e-16 2.16227e-16
-4.2 -4.2 2.31952e-16 2.31952e-16
-4.2 -4 2.4801e-16 2.4801e-16
-4.2 -3.8 2.64316e-16 2.64316e-16
-4.2 -3.6 2.80775e-16 2.80775e-16
-4.2 -3.4 2.97286e-16 2.97286e-16
-4.2 -3.2 3.13742e-16 3.13742e-16
-4.2 -3 3.3003e-16 3.3003e-16
-4.2 -2.8 3.46032e-16 3.46032e-16
-4.2 -2.6 3.61627e-16 3.61627e-16
-4.2 -2.4 3.76693e-16 3.76693e-16
-4.2 -2.2 3.91107e-16 3.91107e-16
-4.2 -2 4.04749e-16 4.04749e-16
-4.2 -1.8 4.17501e-16 4.17501e-16
-4.2 -1.6 4.29251e-16 4.29251e-16
-4.2 -1.4 4.39893e-16 4.39893e-16
-4.2 -1.2 4.49329e-16 4.49329e-16
-4.2 -1 4.57472e-16 4.57472e-16
-4.2 -0.8 4.64244e-16 4.64244e-16
-4.2 -0.6 4.6958e-16 4.6958e-16
-4.2 -0.4 4.73429e-16 4.73429e-16
-4.2 -0.2 4.75753e-16 4.75753e-16
-4.2 2.16493e-15 4.7653e-16 4.7653e-16
-4.2 0.2 4.75753e-16 4.75753e-16
-4.2 0.4 4.73429e-16 4.73429e-16
-4.2 0.6 4.6958e-16 4.6958e-16
-4.2 0.8 4.64244e-16 4.64244e-16
-4.2 1 4.57472e-16 4.57472e-16
-4.2 1.2 4.49329e-16 4.49329e-16
-4.2 1.4 4.39893e-16 4.39893e-16
-4.2 1.6 4.29251e-16 4.29251e-16
-4.2 1.8 4.17501e-16 4.17501e-16
-4.2 2 4.04749e-16 4.04749e-16
-4.2 2.2 3.91107e-16 3.91107e-16
-4.2 2.4 3.76693e-16 3.76693e-16
-4.2 2.6 3.61627e-16 3.61627e-16
-4.2 2.8 3.46032e-16 3.46032e-16
-4.2 3 3.3003e-16 3.3003e-16
-4.2 3.2 3.13742e-16 3.13742e-16
-4.2 3.4 2.97286e-16 2.97286e-16
-4.2 3.6 2.80775e-16 2.80775e-16
-4.2 3.8 2.64316e-16 2.64316e-16
-4.2 4 2.4801e-16 2.4801e-16
-4.2 4.2 2.31952e-16 2.31952e-16
-4.2 4.4 2.16227e-16 2.16227e-16
-4.2 4.6 2.0091e-16 2.0091e-16
-4.2 4.8 1.8607e-16 1.8607e-16
-4 -5 4.56477e-15 4.56477e-15
-4 -4.8 4.94496e-15 4.94496e-15
-4 -4.6 5.33934e-15 5.33934e-15
-4 -4.4 5.74639e-15 5.74639e-15
-4 -4.2 6.16431e-15 6.16431e-15
-4 -4 6.59107e-15 6.59107e-15
-4 -3.8 7.02439e-15 7.02439e-15
-4 -3.6 7.4618e-15 7.4618e-15
-4 -3.4 7.90061e-15 7.90061e-15
-4 -3.2 8.33795e-15 8.33795e-15
-4 -3 8.77081e-15 8.77081e-15
-4 -2.8 9.19607e-15 9.19607e-15
-4 -2.6 9.61052e-15 9.61052e-15
-4 -2.4 1.00109e-14 1.00109e-14
-4 -2.2 1.0394e-14 1.0394e-14
-4 -2 1.07565e-14 1.07565e-14
-4 -1.8 1.10954e-14 1.10954e-14
-4 -1.6 1.14077e-14 1.14077e-14
-4 -1.4 1.16905e-14 1.16905e-14
-4 -1.2 1.19413e-14 1.19413e-14
-4 -1 1.21577e-14 1.21577e-14
-4 -0.8 1.23376e-14 1.23376e-14
-4 -0.6 1.24794e-14 1.24794e-14
-4 -0.4 1.25817e-14 1.25817e-14
-4 -0.2 1.26435e-14 1.26435e-14
-4 2.16493e-15 1.26642e-14 1.26642e-14
-4 0.2 1.26435e-14 1.26435e-14
-4 0.4 1.25817e-14 1.25817e-14
-4 0.6 1.24794e-14 1.24794e-14
-4 0.8 1.23376e-14 1.23376e-14
-4 1 1.21577e-14 1.21577e-14
-4 1.2 1.19413e-14 1.19413e-14
-4 1.4 1.16905e-14 1.16905e-14
-4 1.6 1.14077e-14 1.14077e-14
-4 1.8 1.10954e-14 1.10954e-14
-4 2 1.07565e-14 1.07565e-14
-4 2.2 1.0394e-14 1.0394e-14
-4 2.4 1.00109e-14 1.00109e-14
-4 2.6 9.61052e-15 9.61052e-15
-4 2.8 9.19607e-15 9.19607e-15
-4 3 8.77081e-15 8.77081e-15
-4 3.2 8.33795e-15 8.33795e-15
-4 3.4 7.90061e-15 7.90061e-15
-4 3.6 7.4618e-15 7.4618e-15
-4 3.8 7.02439e-15 7.02439e-15
-4 4 6.59107e-15 6.59107e-15
-4 4.2 6.16431e-15 6.16431e-15
-4 4.4 5.74639e-15 5.74639e-15
-4 4.6 5.33934e-15 5.33934e-15
-4 4.8 4.94496e-15 4.94496e-15
-3.8 -5 1.03376e-13 1.03376e-13
-3.8 -4.8 1.11985e-13 1.11985e-13
-3.8 -4.6 1.20917e-13 1.20917e-13
-3.8 -4.4 1.30135e-13 1.30135e-13
-3.8 -4.2 1.39599e-13 1.39599e-13
-3.8 -4 1.49264e-13 1.49264e-13
-3.8 -3.8 1.59077e-13 1.59077e-13
-3.8 -3.6 1.68983e-13 1.68983e-13
-3.8 -3.4 1.7892e-13 1.7892e-13
-3.8 -3.2 1.88824e-13 1.88824e-13
-3.8 -3 1.98627e-13 1.98627e-13
-3.8 -2.8 2.08258e-13 2.08258e-13
-3.8 -2.6 2.17643e-13 2.17643e-13
-3.8 -2.4 2.26711e-13 2.26711e-13
-3.8 -2.2 2.35386e-13 2.35386e-13
-3.8 -2 2.43596e-13 2.43596e-13
-3.8 -1.8 2.51271e-13 2.51271e-13
-3.8 -1.6 2.58343e-13 2.58343e-13
-3.8 -1.4 2.64747e-13 2.64747e-13
-3.8 -1.2 2.70427e-13 2.70427e-13
-3.8 -1 2.75327e-13 2.75327e-13
-3.8 -0.8 2.79403e-13 2.79403e-13
-3.8 -0.6 2.82614e-13 2.82614e-13
-3.8 -0.4 2.84931e-13 2.84931e-13
-3.8 -0.2 2.8633e-13 2.8633e-13
-3.8 2.16493e-15 2.86798e-13 2.86798e-13
-3.8 0.2 2.8633e-13 2.8633e-13
-3.8 0.4 2.84931e-13 2.84931e-13
-3.8 0.6 2.82614e-13 2.82614e-13
-3.8 0.8 2.79403e-13 2.79403e-13
-3.8 1 2.75327e-13 2.75327e-13
-3.8 1.2 2.70427e-13 2.70427e-13
-3.8 1.4 2.64747e-13 2.64747e-13
-3.8 1.6 2.58343e-13 2.58343e-13
-3.8 1.8 2.51271e-13 2.51271e-13
-3.8 2 2.43596e-13 2.43596e-13
-3.8 2.2 2.35386e-13 2.35386e-13
-3.8 2.4 2.26711e-13 2.26711e-13
-3.8 2.6 2.17643e-13 2.17643e-13
-3.8 2.8 2.08258e-13 2.08258e-13
-3.8 3 1.98627e-13 1.98627e-13
-3.8 3.2 1.88824e-13 1.88824e-13
-3.8 3.4 1.7892e-13 1.7892e-13
-3.8 3.6 1.68983e-13 1.68983e-13
-3.8 3.8 1.59077e-13 1.59077e-13
-3.8 4 1.49264e-13 1.49264e-13
-3.8 4.2 1.39599e-13 1.39599e-13
-3.8 4.4 1.30135e-13 1.30135e-13
-3.8 4.6 1.20917e-13 1.20917e-13
-3.8 4.8 1.11985e-13 1.11985e-13
-3.6 -5 1.99494e-12 1.99494e-12
-3.6 -4.8 2.16109e-12 2.16109e-12
-3.6 -4.6 2.33345e-12 2.33345e-12
-3.6 -4.4 2.51134e-12 2.51134e-12
-3.6 -4.2 2.69398e-12 2.69398e-12
-3.6 -4 2.88049e-12 2.88049e-12
-3.6 -3.8 3.06986e-12 3.06986e-12
-3.6 -3.6 3.26102e-12 3.26102e-12
-3.6 -3.4 3.4528e-12 3.4528e-12
-3.6 -3.2 3.64393e-12 3.64393e-12
-3.6 -3 3.8331e-12 3.8331e-12
-3.6 -2.8 4.01895e-12 4.01895e-12
-3.6 -2.6 4.20008e-12 4.20008e-12
-3.6 -2.4 4.37505e-12 4.37505e-12
-3.6 -2.2 4.54247e-12 4.54247e-12
-3.6 -2 4.70091e-12 4.70091e-12
-3.6 -1.8 4.84902e-12 4.84902e-12
-3.6 -1.6 4.98549e-12 4.98549e-12
-3.6 -1.4 5.10909e-12 5.10909e-12
-3.6 -1.2 5.21869e-12 5.21869e-12
-3.6 -1 5.31326e-12 5.31326e-12
-3.6 -0.8 5.3919e-12 5.3919e-12
-3.6 -0.6 5.45388e-12 5.45388e-12
-3.6 -0.4 5.49858e-12 5.49858e-12
-3.6 -0.2 5.52558e-12 5.52558e-12
-3.6 2.16493e-15 5.53461e-12 5.53461e-12
-3.6 0.2 5.52558e-12 5.52558e-12
-3.6 0.4 5.49858e-12 5.49858e-12
-3.6 0.6 5.45388e-12 5.45388e-12
-3.6 0.8 5.3919e-12 5.3919e-12
-3.6 1 5.31326e-12 5.31326e-12
-3.6 1.2 5.21869e-12 5.21869e-12
-3.6 1.4 5.10909e-12 5.10909e-12
-3.6 1.6 4.98549e-12 4.98549e-12
-3.6 1.8 4.84902e-12 4.84902e-12
-3.6 2 4.70091e-12 4.70091e-12
-3.6 2.2 4.54247e-12 4.54247e-12
-3.6 2.4 4.37505e-12 4.37505e-12
-3.6 2.6 4.20008e-12 4.20008e-12
-3.6 2.8 4.01895e-12 4.01895e-12
-3.6 3 3.8331e-12 3.8331e-12
-3.6 3.2 3.64393e-12 3.64393e-12
-3.6 3.4 3.4528e-12 3.4528e-12
-3.6 3.6 3.26102e-12 3.26102e-12
-3.6 3.8 3.06986e-12 3.06986e-12
-3.6 4 2.88049e-12 2.88049e-12
-3.6 4.2 2.69398e-12 2.69398e-12
-3.6 4.4 2.51134e-12 2.51134e-12
-3.6 4.6 2.33345e-12 2.33345e-12
-3.6 4.8 2.16109e-12 2.16109e-12
-3.4 -5 3.28061e-11 3.28061e-11
-3.4 -4.8 3.55384e-11 3.55384e-11
-3.4 -4.6 3.83728e-11 3.83728e-11
-3.4 -4.4 4.12981e-11 4.12981e-11
-3.4 -4.2 4.43016e-11 4.43016e-11
-3.4 -4 4.73686e-11 4.73686e-11
-3.4 -3.8 5.04828e-11 5.04828e-11
-3.4 -3.6 5.36264e-11 5.36264e-11
-3.4 -3.4 5.678e-11 5.678e-11
-3.4 -3.2 5.99231e-11 5.99231e-11
-3.4 -3 6.3034e-11 6.3034e-11
-3.4 -2.8 6.60902e-11 6.60902e-11
-3.4 -2.6 6.90688e-11 6.90688e-11
-3.4 -2.4 7.19462e-11 7.19462e-11
-3.4 -2.2 7.46993e-11 7.46993e-11
-3.4 -2 7.73048e-11 7.73048e-11
-3.4 -1.8 7.97404e-11 7.97404e-11
-3.4 -1.6 8.19846e-11 8.19846e-11
-3.4 -1.4 8.40172e-11 8.40172e-11
-3.4 -1.2 8.58194e-11 8.58194e-11
-3.4 -1 8.73746e-11 8.73746e-11
-3.4 -0.8 8.8668e-11 8.8668e-11
-3.4 -0.6 8.96871e-11 8.96871e-11
-3.4 -0.4 9.04223e-11 9.04223e-11
-3.4 -0.2 9.08662e-11 9.08662e-11
-3.4 2.16493e-15 9.10147e-11 9.10147e-11
-3.4 0.2 9.08662e-11 9.08662e-11
-3.4 0.4 9.04223e-11 9.04223e-11
-3.4 0.6 8.96871e-11 8.96871e-11
-3.4 0.8 8.8668e-11 8.8668e-11
-3.4 1 8.73746e-11 8.73746e-11
-3.4 1.2 8.58194e-11 8.58194e-11
-3.4 1.4 8.40172e-11 8.40172e-11
-3.4 1.6 8.19846e-11 8.19846e-11
-3.4 1.8 7.97404e-11 7.97404e-11
-3.4 2 7.73048e-11 7.73048e-11
-3.4 2.2 7.46993e-11 7.46993e-11
-3.4 2.4 7.19462e-11 7.19462e-11
-3.4 2.6 6.90688e-11 6.90688e-11
-3.4 2.8 6.60902e-11 6.60902e-11
-3.4 3 6.3034e-11 6.3034e-11
-3.4 3.2 5.99231e-11 5.99231e-11
-3.4 3.4 5.678e-11 5.678e-11
-3.4 3.6 5.36264e-11 5.36264e-11
-3.4 3.8 5.04828e-11 5.04828e-11
-3.4 4 4.73686e-11 4.73686e-11
-3.4 4.2 4.43016e-11 4.43016e-11
-3.4 4.4 4.12981e-11 4.12981e-11
-3.4 4.6 3.83728e-11 3.83728e-11
-3.4 4.8 3.55384e-11 3.55384e-11
-3.2 -5 4.59718e-10 4.59718e-10
-3.2 -4.8 4.98006e-10 4.98006e-10
-3.2 -4.6 5.37725e-10 5.37725e-10
-3.2 -4.4 5.78719e-10 5.78719e-10
-3.2 -4.2 6.20808e-10 6.20808e-10
-3.2 -4 6.63786e-10 6.63786e-10
-3.2 -3.8 7.07426e-10 7.07426e-10
-3.2 -3.6 7.51478e-10 7.51478e-10
-3.2 -3.4 7.9567e-10 7.9567e-10
-3.2 -3.2 8.39714e-10 8.39714e-10
-3.2 -3 8.83308e-10 8.83308e-10
-3.2 -2.8 9.26136e-10 9.26136e-10
-3.2 -2.6 9.67875e-10 9.67875e-10
-3.2 -2.4 1.0082e-09 1.0082e-09
-3.2 -2.2 1.04678e-09 1.04678e-09
-3.2 -2 1.08329e-09 1.08329e-09
-3.2 -1.8 1.11742e-09 1.11742e-09
-3.2 -1.6 1.14887e-09 1.14887e-09
-3.2 -1.4 1.17735e-09 1.17735e-09
-3.2 -1.2 1.20261e-09 1.20261e-09
-3.2 -1 1.2244e-09 1.2244e-09
-3.2 -0.8 1.24252e-09 1.24252e-09
-3.2 -0.6 1.2568e-09 1.2568e-09
-3.2 -0.4 1.26711e-09 1.26711e-09
-3.2 -0.2 1.27333e-09 1.27333e-09
-3.2 2.16493e-15 1.27541e-09 1.27541e-09
-3.2 0.2 1.27333e-09 1.27333e-09
-3.2 0.4 1.26711e-09 1.26711e-09
-3.2 0.6 1.2568e-09 1.2568e-09
-3.2 0.8 1.24252e-09 1.24252e-09
-3.2 1 1.2244e-09 1.2244e-09
-3.2 1.2 1.20261e-09 1.20261e-09
-3.2 1.4 1.17735e-09 1.17735e-09
-3.2 1.6 1.14887e-09 1.14887e-09
-3.2 1.8 1.11742e-09 1.11742e-09
-3.2 2 1.08329e-09 1.08329e-09
-3.2 2.2 1.04678e-09 1.04678e-09
-3.2 2.4 1.0082e-09 1.0082e-09
-3.2 2.6 9.67875e-10 9.67875e-10
-3.2 2.8 9.26136e-10 9.26136e-10
-3.2 3 8.83308e-10 8.83308e-10
-3.2 3.2 8.39714e-10 8.39714e-10
-3.2 3.4 7.9567e-10 7.9567e-10
-3.2 3.6 7.51478e-10 7.51478e-10
-3.2 3.8 7.07426e-10 7.07426e-10
-3.2 4 6.63786e-10 6.63786e-10
-3.2 4.2 6.20808e-10 6.20808e-10
-3.2 4.4 5.78719e-10 5.78719e-10
-3.2 4.6 5.37725e-10 5.37725e-10
-3.2 4.8 4.98006e-10 4.98006e-10
-3 -5 5.48961e-09 5.48961e-09
-3 -4.8 5.94683e-09 5.94683e-09
-3 -4.6 6.42112e-09 6.42112e-09
-3 -4.4 6.91064e-09 6.91064e-09
-3 -4.2 7.41323e-09 7.41323e-09
-3 -4 7.92644e-09 7.92644e-09
-3 -3.8 8.44756e-09 8.44756e-09
-3 -3.6 8.97359e-09 8.97359e-09
-3 -3.4 9.5013e-09 9.5013e-09
-3 -3.2 1.00273e-08 1.00273e-08
-3 -3 1.05478e-08 1.05478e-08
-3 -2.8 1.10592e-08 1.10592e-08
-3 -2.6 1.15576e-08 1.15576e-08
-3 -2.4 1.20391e-08 1.20391e-08
-3 -2.2 1.24998e-08 1.24998e-08
-3 -2 1.29358e-08 1.29358e-08
-3 -1.8 1.33434e-08 1.33434e-08
-3 -1.6 1.37189e-08 1.37189e-08
-3 -1.4 1.4059e-08 1.4059e-08
-3 -1.2 1.43606e-08 1.43606e-08
-3 -1 1.46209e-08 1.46209e-08
-3 -0.8 1.48373e-08 1.48373e-08
-3 -0.6 1.50078e-08 1.50078e-08
-3 -0.4 1.51308e-08 1.51308e-08
-3 -0.2 1.52051e-08 1.52051e-08
-3 2.16493e-15 1.523e-08 1.523e-08
-3 0.2 1.52051e-08 1.52051e-08
-3 0.4 1.51308e-08 1.51308e-08
-3 0.6 1.50078e-08 1.50078e-08
-3 0.8 1.48373e-08 1.48373e-08
-3 1 1.46209e-08 1.46209e-08
-3 1.2 1.43606e-08 1.43606e-08
-3 1.4 1.4059e-08 1.4059e-08
-3 1.6 1.37189e-08 1.37189e-08
-3 1.8 1.33434e-08 1.33434e-08
-3 2 1.29358e-08 1.29358e-08
-3 2.2 1.24998e-08 1.24998e-08
-3 2.4 1.20391e-08 1.20391e-08
-3 2.6 1.15576e-08 1.15576e-08
-3 2.8 1.10592e-08 1.10592e-08
-3 3 1.05478e-08 1.05478e-08
-3 3.2 1.00273e-08 1.00273e-08
-3 3.4 9.5013e-09 9.5013e-09
-3 3.6 8.97359e-09 8.97359e-09
-3 3.8 8.44756e-09 8.44756e-09
-3 4 7.92644e-09 7.92644e-09
-3 4.2 7.41323e-09 7.41323e-09
-3 4.4 6.91064e-09 6.91064e-09
-3 4.6 6.42112e-09 6.42112e-09
-3 4.8 5.94683e-09 5.94683e-09
-2.8 -5 5.58605e-08 5.58605e-08
-2.8 -4.8 6.0513e-08 6.0513e-08
-2.8 -4.6 6.53392e-08 6.53392e-08
-2.8 -4.4 7.03204e-08 7.03204e-08
-2.8 -4.2 7.54346e-08 7.54346e-08
-2.8 -4 8.06569e-08 8.06569e-08
-2.8 -3.8 8.59597e-08 8.59597e-08
-2.8 -3.6 9.13124e-08 9.13124e-08
-2.8 -3.4 9.66822e-08 9.66822e-08
-2.8 -3.2 1.02034e-07 1.02034e-07
-2.8 -3 1.07331e-07 1.07331e-07
-2.8 -2.8 1.12535e-07 1.12535e-07
-2.8 -2.6 1.17607e-07 1.17607e-07
-2.8 -2.4 1.22506e-07 1.22506e-07
-2.8 -2.2 1.27194e-07 1.27194e-07
-2.8 -2 1.31631e-07 1.31631e-07
-2.8 -1.8 1.35778e-07 1.35778e-07
-2.8 -1.6 1.39599e-07 1.39599e-07
-2.8 -1.4 1.4306e-07 1.4306e-07
-2.8 -1.2 1.46129e-07 1.46129e-07
-2.8 -1 1.48777e-07 1.48777e-07
-2.8 -0.8 1.50979e-07 1.50979e-07
-2.8 -0.6 1.52715e-07 1.52715e-07
-2.8 -0.4 1.53967e-07 1.53967e-07
-2.8 -0.2 1.54722e-07 1.54722e-07
-2.8 2.16493e-15 1.54975e-07 1.54975e-07
-2.8 0.2 1.54722e-07 1.54722e-07
-2.8 0.4 1.53967e-07 1.53967e-07
-2.8 0.6 1.52715e-07 1.52715e-07
-2.8 0.8 1.50979e-07 1.50979e-07
-2.8 1 1.48777e-07 1.48777e-07
-2.8 1.2 1.46129e-07 1.46129e-07
-2.8 1.4 1.4306e-07 1.4306e-07
-2.8 1.6 1.39599e-07 1.39599e-07
-2.8 1.8 1.35778e-07 1.35778e-07
-2.8 2 1.31631e-07 1.31631e-07
-2.8 2.2 1.27194e-07 1.27194e-07
-2.8 2.4 1.22506e-07 1.22506e-07
-2.8 2.6 1.17607e-07 1.17607e-07
-2.8 2.8 1.12535e-07 1.12535e-07
-2.8 3 1.07331e-07 1.07331e-07
-2.8 3.2 1.02034e-07 1.02034e-07
-2.8 3.4 9.66822e-08 9.66822e-08
-2.8 3.6 9.13124e-08 9.13124e-08
-2.8 3.8 8.59597e-08 8.59597e-08
-2.8 4 8.06569e-08 8.06569e-08
-2.8 4.2 7.54346e-08 7.54346e-08
-2.8 4.4 7.03204e-08 7.03204e-08
-2.8 4.6 6.53392e-08 6.53392e-08
-2.8 4.8 6.0513e-08 6.0513e-08
-2.6 -5 4.84374e-07 4.84374e-07
-2.6 -4.8 5.24716e-07 5.24716e-07
-2.6 -4.6 5.66565e-07 5.66565e-07
-2.6 -4.4 6.09758e-07 6.09758e-07
-2.6 -4.2 6.54104e-07 6.54104e-07
-2.6 -4 6.99387e-07 6.99387e-07
-2.6 -3.8 7.45368e-07 7.45368e-07
-2.6 -3.6 7.91782e-07 7.91782e-07
-2.6 -3.4 8.38344e-07 8.38344e-07
-2.6 -3.2 8.84751e-07 8.84751e-07
-2.6 -3 9.30683e-07 9.30683e-07
-2.6 -2.8 9.75808e-07 9.75808e-07
-2.6 -2.6 1.01979e-06 1.01979e-06
-2.6 -2.4 1.06227e-06 1.06227e-06
-2.6 -2.2 1.10292e-06 1.10292e-06
-2.6 -2 1.14139e-06 1.14139e-06
-2.6 -1.8 1.17735e-06 1.17735e-06
-2.6 -1.6 1.21048e-06 1.21048e-06
-2.6 -1.4 1.2405e-06 1.2405e-06
-2.6 -1.2 1.26711e-06 1.26711e-06
-2.6 -1 1.29007e-06 1.29007e-06
-2.6 -0.8 1.30916e-06 1.30916e-06
-2.6 -0.6 1.32421e-06 1.32421e-06
-2.6 -0.4 1.33506e-06 1.33506e-06
-2.6 -0.2 1.34162e-06 1.34162e-06
-2.6 2.16493e-15 1.34381e-06 1.34381e-06
-2.6 0.2 1.34162e-06 1.34162e-06
-2.6 0.4 1.33506e-06 1.33506e-06
-2.6 0.6 1.32421e-06 1.32421e-06
-2.6 0.8 1.30916e-06 1.30916e-06
-2.6 1 1.29007e-06 1.29007e-06
-2.6 1.2 1.26711e-06 1.26711e-06
-2.6 1.4 1.2405e-06 1.2405e-06
-2.6 1.6 1.21048e-06 1.21048e-06
-2.6 1.8 1.17735e-06 1.17735e-06
-2.6 2 1.14139e-06 1.14139e-06
-2.6 2.2 1.10292e-06 1.10292e-06
-2.6 2.4 1.06227e-06 1.06227e-06
-2.6 2.6 1.01979e-06 1.01979e-06
-2.6 2.8 9.75808e-07 9.75808e-07
-2.6 3 9.30683e-07 9.30683e-07
-2.6 3.2 8.84751e-07 8.84751e-07
-2.6 3.4 8.38344e-07 8.38344e-07
-2.6 3.6 7.91782e-07 7.91782e-07
-2.6 3.8 7.45368e-07 7.45368e-07
-2.6 4 6.99387e-07 6.99387e-07
-2.6 4.2 6.54104e-07 6.54104e-07
-2.6 4.4 6.09758e-07 6.09758e-07
-2.6 4.6 5.66565e-07 5.66565e-07
-2.6 4.8 5.24716e-07 5.24716e-07
-2.4 -5 3.57907e-06 3.57907e-06
-2.4 -4.8 3.87716e-06 3.87716e-06
-2.4 -4.6 4.18638e-06 4.18638e-06
-2.4 -4.4 4.50553e-06 4.50553e-06
-2.4 -4.2 4.83321e-06 4.83321e-06
-2.4 -4 5.16781e-06 5.16781e-06
-2.4 -3.8 5.50757e-06 5.50757e-06
-2.4 -3.6 5.85052e-06 5.85052e-06
-2.4 -3.4 6.19457e-06 6.19457e-06
-2.4 -3.2 6.53748e-06 6.53748e-06
-2.4 -3 6.87687e-06 6.87687e-06
-2.4 -2.8 7.2103e-06 7.2103e-06
-2.4 -2.6 7.53525e-06 7.53525e-06
-2.4 -2.4 7.84918e-06 7.84918e-06
-2.4 -2.2 8.14952e-06 8.14952e-06
-2.4 -2 8.43378e-06 8.43378e-06
-2.4 -1.8 8.6995e-06 8.6995e-06
-2.4 -1.6 8.94434e-06 8.94434e-06
-2.4 -1.4 9.16609e-06 9.16609e-06
-2.4 -1.2 9.36271e-06 9.36271e-06
-2.4 -1 9.53238e-06 9.53238e-06
-2.4 -0.8 9.67348e-06 9.67348e-06
-2.4 -0.6 9.78467e-06 9.78467e-06
-2.4 -0.4 9.86487e-06 9.86487e-06
-2.4 -0.2 9.91331e-06 9.91331e-06
-2.4 2.16493e-15 9.9295e-06 9.9295e-06
-2.4 0.2 9.91331e-06 9.91331e-06
-2.4 0.4 9.86487e-06 9.86487e-06
-2.4 0.6 9.78467e-06 9.78467e-06
-2.4 0.8 9.67348e-06 9.67348e-06
-2.4 1 9.53238e-06 9.53238e-06
-2.4 1.2 9.36271e-06 9.36271e-06
-2.4 1.4 9.16609e-06 9.16609e-06
-2.4 1.6 8.94434e-06 8.94434e-06
-2.4 1.8 8.6995e-06 8.6995e-06
-2.4 2 8.43378e-06 8.43378e-06
-2.4 2.2 8.14952e-06 8.14952e-06
-2.4 2.4 7.84918e-06 7.84918e-06
-2.4 2.6 7.53525e-06 7.53525e-06
-2.4 2.8 7.2103e-06 7.2103e-06
-2.4 3 6.87687e-06 6.87687e-06
-2.4 3.2 6.53748e-06 6.53748e-06
-2.4 3.4 6.19457e-06 6.19457e-06
-2.4 3.6 5.85052e-06 5.85052e-06
-2.4 3.8 5.50757e-06 5.50757e-06
-2.4 4 5.16781e-06 5.16781e-06
-2.4 4.2 4.83321e-06 4.83321e-06
-2.4 4.4 4.50553e-06 4.50553e-06
-2.4 4.6 4.18638e-06 4.18638e-06
-2.4 4.8 3.87716e-06 3.87716e-06
-2.2 -5 2.25357e-05 2.25357e-05
-2.2 -4.8 2.44127e-05 2.44127e-05
-2.2 -4.6 2.63597e-05 2.63597e-05
-2.2 -4.4 2.83693e-05 2.83693e-05
-2.2 -4.2 3.04325e-05 3.04325e-05
-2.2 -4 3.25393e-05 3.25393e-05
-2.2 -3.8 3.46786e-05 3.46786e-05
-2.2 -3.6 3.6838e-05 3.6838e-05
-2.2 -3.4 3.90044e-05 3.90044e-05
-2.2 -3.2 4.11635e-05 4.11635e-05
-2.2 -3 4.33005e-05 4.33005e-05
-2.2 -2.8 4.53999e-05 4.53999e-05
-2.2 -2.6 4.7446e-05 4.7446e-05
-2.2 -2.4 4.94226e-05 4.94226e-05
-2.2 -2.2 5.13138e-05 5.13138e-05
-2.2 -2 5.31036e-05 5.31036e-05
-2.2 -1.8 5.47767e-05 5.47767e-05
-2.2 -1.6 5.63184e-05 5.63184e-05
-2.2 -1.4 5.77146e-05 5.77146e-05
-2.2 -1.2 5.89527e-05 5.89527e-05
-2.2 -1 6.0021e-05 6.0021e-05
-2.2 -0.8 6.09094e-05 6.09094e-05
-2.2 -0.6 6.16095e-05 6.16095e-05
-2.2 -0.4 6.21145e-05 6.21145e-05
-2.2 -0.2 6.24195e-05 6.24195e-05
-2.2 2.16493e-15 6.25215e-05 6.25215e-05
-2.2 0.2 6.24195e-05 6.24195e-05
-2.2 0.4 6.21145e-05 6.21145e-05
-2.2 0.6 6.16095e-05 6.16095e-05
-2.2 0.8 6.09094e-05 6.09094e-05
-2.2 1 6.0021e-05 6.0021e-05
-2.2 1.2 5.89527e-05 5.89527e-05
-2.2 1.4 5.77146e-05 5.77146e-05
-2.2 1.6 5.63184e-05 5.63184e-05
-2.2 1.8 5.47767e-05 5.47767e-05
-2.2 2 5.31036e-05 5.31036e-05
-2.2 2.2 5.13138e-05 5.13138e-05
-2.2 2.4 4.94226e-05 4.94226e-05
-2.2 2.6 4.7446e-05 4.7446e-05
-2.2 2.8 4.53999e-05 4.53999e-05
-2.2 3 4.33005e-05 4.33005e-05
-2.2 3.2 4.11635e-05 4.11635e-05
-2.2 3.4 3.90044e-05 3.90044e-05
-2.2 3.6 3.6838e-05 3.6838e-05
-2.2 3.8 3.46786e-05 3.46786e-05
-2.2 4 3.25393e-05 3.25393e-05
-2.2 4.2 3.04325e-05 3.04325e-05
-2.2 4.4 2.83693e-05 2.83693e-05
-2.2 4.6 2.63597e-05 2.63597e-05
-2.2 4.8 2.44127e-05 2.44127e-05
-2 -5 0.000120917 0.000120917
-2 -4.8 0.000130988 0.000130988
-2 -4.6 0.000141435 0.000141435
-2 -4.4 0.000152217 0.000152217
-2 -4.2 0.000163287 0.000163287
-2 -4 0.000174592 0.000174592
-2 -3.8 0.00018607 0.00018607
-2 -3.6 0.000197657 0.000197657
-2 -3.4 0.00020928 0.00020928
-2 -3.2 0.000220865 0.000220865
-2 -3 0.000232331 0.000232331
-2 -2.8 0.000243596 0.000243596
-2 -2.6 0.000254574 0.000254574
-2 -2.4 0.00026518 0.00026518
-2 -2.2 0.000275327 0.000275327
-2 -2 0.00028493 0.00028493
-2 -1.8 0.000293908 0.000293908
-2 -1.6 0.000302179 0.000302179
-2 -1.4 0.000309671 0.000309671
-2 -1.2 0.000316314 0.000316314
-2 -1 0.000322046 0.000322046
-2 -0.8 0.000326813 0.000326813
-2 -0.6 0.000330569 0.000330569
-2 -0.4 0.000333279 0.000333279
-2 -0.2 0.000334915 0.000334915
-2 2.16493e-15 0.000335463 0.000335463
-2 0.2 0.000334915 0.000334915
-2 0.4 0.000333279 0.000333279
-2 0.6 0.000330569 0.000330569
-2 0.8 0.000326813 0.000326813
-2 1 0.000322046 0.000322046
-2 1.2 0.000316314 0.000316314
-2 1.4 0.000309671 0.000309671
-2 1.6 0.000302179 0.000302179
-2 1.8 0.000293908 0.000293908
-2 2 0.00028493 0.00028493
-2 2.2 0.000275327 0.000275327
-2 2.4 0.00026518 0.00026518
-2 2.6 0.000254574 0.000254574
-2 2.8 0.000243596 0.000243596
-2 3 0.000232331 0.000232331
-2 3.2 0.000220865 0.000220865
-2 3.4 0.00020928 0.00020928
-2 3.6 0.000197657 0.000197657
-2 3.8 0.00018607 0.00018607
-2 4 0.000174592 0.000174592
-2 4.2 0.000163287 0.000163287
-2 4.4 0.000152217 0.000152217
-2 4.6 0.000141435 0.000141435
-2 4.8 0.000130988 0.000130988
-1.8 -5 0.000552859 0.000552859
-1.8 -4.8 0.000598905 0.000598905
-1.8 -4.6 0.000646671 0.000646671
-1.8 -4.4 0.00069597 0.00069597
-1.8 -4.2 0.000746586 0.000746586
-1.8 -4 0.000798272 0.000798272
-1.8 -3.8 0.000850754 0.000850754
-1.8 -3.6 0.00090373 0.00090373
-1.8 -3.4 0.000956876 0.000956876
-1.8 -3.2 0.00100984 0.00100984
-1.8 -3 0.00106227 0.00106227
-1.8 -2.8 0.00111378 0.00111378
-1.8 -2.6 0.00116397 0.00116397
-1.8 -2.4 0.00121246 0.00121246
-1.8 -2.2 0.00125886 0.00125886
-1.8 -2 0.00130277 0.00130277
-1.8 -1.8 0.00134381 0.00134381
-1.8 -1.6 0.00138163 0.00138163
-1.8 -1.4 0.00141589 0.00141589
-1.8 -1.2 0.00144626 0.00144626
-1.8 -1 0.00147247 0.00147247
-1.8 -0.8 0.00149426 0.00149426
-1.8 -0.6 0.00151144 0.00151144
-1.8 -0.4 0.00152383 0.00152383
-1.8 -0.2 0.00153131 0.00153131
-1.8 2.16493e-15 0.00153381 0.00153381
-1.8 0.2 0.00153131 0.00153131
-1.8 0.4 0.00152383 0.00152383
-1.8 0.6 0.00151144 0.00151144
-1.8 0.8 0.00149426 0.00149426
-1.8 1 0.00147247 0.00147247
-1.8 1.2 0.00144626 0.00144626
-1.8 1.4 0.00141589 0.00141589
-1.8 1.6 0.00138163 0.00138163
-1.8 1.8 0.00134381 0.00134381
-1.8 2 0.00130277 0.00130277
-1.8 2.2 0.00125886 0.00125886
-1.8 2.4 0.00121246 0.00121246
-1.8 2.6 0.00116397 0.00116397
-1.8 2.8 0.00111378 0.00111378
-1.8 3 0.00106227 0.00106227
-1.8 3.2 0.00100984 0.00100984
-1.8 3.4 0.000956876 0.000956876
-1.8 3.6 0.00090373 0.00090373
-1.8 3.8 0.000850754 0.000850754
-1.8 4 0.000798272 0.000798272
-1.8 4.2 0.000746586 0.000746586
-1.8 4.4 0.00069597 0.00069597
-1.8 4.6 0.000646671 0.000646671
-1.8 4.8 0.000598905 0.000598905
-1.6 -5 0.00215404 0.00215404
-1.6 -4.8 0.00233345 0.00233345
-1.6 -4.6 0.00251955 0.00251955
-1.6 -4.4 0.00271163 0.00271163
-1.6 -4.2 0.00290884 0.00290884
-1.6 -4 0.00311022 0.00311022
-1.6 -3.8 0.0033147 0.0033147
-1.6 -3.6 0.00352111 0.00352111
-1.6 -3.4 0.00372817 0.00372817
-1.6 -3.2 0.00393455 0.00393455
-1.6 -3 0.00413881 0.00413881
-1.6 -2.8 0.00433948 0.00433948
-1.6 -2.6 0.00453505 0.00453505
-1.6 -2.4 0.00472399 0.00472399
-1.6 -2.2 0.00490475 0.00490475
-1.6 -2 0.00507583 0.00507583
-1.6 -1.8 0.00523575 0.00523575
-1.6 -1.6 0.00538311 0.00538311
-1.6 -1.4 0.00551656 0.00551656
-1.6 -1.2 0.0056349 0.0056349
-1.6 -1 0.00573701 0.00573701
-1.6 -0.8 0.00582194 0.00582194
-1.6 -0.6 0.00588885 0.00588885
-1.6 -0.4 0.00593712 0.00593712
-1.6 -0.2 0.00596627 0.00596627
-1.6 2.16493e-15 0.00597602 0.00597602
-1.6 0.2 0.00596627 0.00596627
-1.6 0.4 0.00593712 0.00593712
-1.6 0.6 0.00588885 0.00588885
-1.6 0.8 0.00582194 0.00582194
-1.6 1 0.00573701 0.00573701
-1.6 1.2 0.0056349 0.0056349
-1.6 1.4 0.00551656 0.00551656
-1.6 1.6 0.00538311 0.00538311
-1.6 1.8 0.00523575 0.00523575
-1.6 2 0.00507583 0.00507583
-1.6 2.2 0.00490475 0.00490475
-1.6 2.4 0.00472399 0.00472399
-1.6 2.6 0.00453505 0.00453505
-1.6 2.8 0.00433948 0.00433948
-1.6 3 0.00413881 0.00413881
-1.6 3.2 0.00393455 0.00393455
-1.6 3.4 0.00372817 0.00372817
-1.6 3.6 0.00352111 0.00352111
-1.6 3.8 0.0033147 0.0033147
-1.6 4 0.00311022 0.00311022
-1.6 4.2 0.00290884 0.00290884
-1.6 4.4 0.00271163 0.00271163
-1.6 4.6 0.00251955 0.00251955
-1.6 4.8 0.00233345 0.00233345
-1.4 -5 0.00715168 0.00715168
-1.4 -4.8 0.00774732 0.00774732
-1.4 -4.6 0.00836521 0.00836521
-1.4 -4.4 0.00900294 0.00900294
-1.4 -4.2 0.0096577 0.0096577
-1.4 -4 0.0103263 0.0103263
-1.4 -3.8 0.0110052 0.0110052
-1.4 -3.6 0.0116905 0.0116905
-1.4 -3.4 0.012378 0.012378
-1.4 -3.2 0.0130632 0.0130632
-1.4 -3 0.0137413 0.0137413
-1.4 -2.8 0.0144076 0.0144076
-1.4 -2.6 0.0150569 0.0150569
-1.4 -2.4 0.0156842 0.0156842
-1.4 -2.2 0.0162843 0.0162843
-1.4 -2 0.0168523 0.0168523
-1.4 -1.8 0.0173833 0.0173833
-1.4 -1.6 0.0178725 0.0178725
-1.4 -1.4 0.0183156 0.0183156
-1.4 -1.2 0.0187085 0.0187085
-1.4 -1 0.0190476 0.0190476
-1.4 -0.8 0.0193295 0.0193295
-1.4 -0.6 0.0195517 0.0195517
-1.4 -0.4 0.0197119 0.0197119
-1.4 -0.2 0.0198087 0.0198087
-1.4 2.16493e-15 0.0198411 0.0198411
-1.4 0.2 0.0198087 0.0198087
-1.4 0.4 0.0197119 0.0197119
-1.4 0.6 0.0195517 0.0195517
-1.4 0.8 0.0193295 0.0193295
-1.4 1 0.0190476 0.0190476
-1.4 1.2 0.0187085 0.0187085
-1.4 1.4 0.0183156 0.0183156
-1.4 1.6 0.0178725 0.0178725
-1.4 1.8 0.0173833 0.0173833
-1.4 2 0.0168523 0.0168523
-1.4 2.2 0.0162843 0.0162843
-1.4 2.4 0.0156842 0.0156842
-1.4 2.6 0.0150569 0.0150569
-1.4 2.8 0.0144076 0.0144076
-1.4 3 0.0137413 0.0137413
-1.4 3.2 0.0130632 0.0130632
-1.4 3.4 0.012378 0.012378
-1.4 3.6 0.0116905 0.0116905
-1.4 3.8 0.0110052 0.0110052
-1.4 4 0.0103263 0.0103263
-1.4 4.2 0.0096577 0.0096577
-1.4 4.4 0.00900294 0.00900294
-1.4 4.6 0.00836521 0.00836521
-1.4 4.8 0.00774732 0.00774732
-1.2 -5 0.0202337 0.0202337
-1.2 -4.8 0.0219189 0.0219189
-1.2 -4.6 0.023667 0.023667
-1.2 -4.4 0.0254713 0.0254713
-1.2 -4.2 0.0273237 0.0273237
-1.2 -4 0.0292153 0.0292153
-1.2 -3.8 0.0311361 0.0311361
-1.2 -3.6 0.0330749 0.0330749
-1.2 -3.4 0.03502 0.03502
-1.2 -3.2 0.0369585 0.0369585
-1.2 -3 0.0388772 0.0388772
-1.2 -2.8 0.0407622 0.0407622
-1.2 -2.6 0.0425993 0.0425993
-1.2 -2.4 0.044374 0.044374
-1.2 -2.2 0.0460719 0.0460719
-1.2 -2 0.0476789 0.0476789
-1.2 -1.8 0.0491811 0.0491811
-1.2 -1.6 0.0505653 0.0505653
-1.2 -1.4 0.0518189 0.0518189
-1.2 -1.2 0.0529305 0.0529305
-1.2 -1 0.0538897 0.0538897
-1.2 -0.8 0.0546874 0.0546874
-1.2 -0.6 0.055316 0.055316
-1.2 -0.4 0.0557694 0.0557694
-1.2 -0.2 0.0560432 0.0560432
-1.2 2.16493e-15 0.0561348 0.0561348
-1.2 0.2 0.0560432 0.0560432
-1.2 0.4 0.0557694 0.0557694
-1.2 0.6 0.055316 0.055316
-1.2 0.8 0.0546874 0.0546874
-1.2 1 0.0538897 0.0538897
-1.2 1.2 0.0529305 0.0529305
-1.2 1.4 0.0518189 0.0518189
-1.2 1.6 0.0505653 0.0505653
-1.2 1.8 0.0491811 0.0491811
-1.2 2 0.0476789 0.0476789
-1.2 2.2 0.0460719 0.0460719
-1.2 2.4 0.044374 0.044374
-1.2 2.6 0.0425993 0.0425993
-1.2 2.8 0.0407622 0.0407622
-1.2 3 0.0388772 0.0388772
-1.2 3.2 0.0369585 0.0369585
-1.2 3.4 0.03502 0.03502
-1.2 3.6 0.0330749 0.0330749
-1.2 3.8 0.0311361 0.0311361
-1.2 4 0.0292153 0.0292153
-1.2 4.2 0.0273237 0.0273237
-1.2 4.4 0.0254713 0.0254713
-1.2 4.6 0.023667 0.023667
-1.2 4.8 0.0219189 0.0219189
-1 -5 0.0487813 0.0487813
-1 -4.8 0.0528442 0.0528442
-1 -4.6 0.0570588 0.0570588
-1 -4.4 0.0614087 0.0614087
-1 -4.2 0.0658748 0.0658748
-1 -4 0.0704353 0.0704353
-1 -3.8 0.075066 0.075066
-1 -3.6 0.0797403 0.0797403
-1 -3.4 0.0844296 0.0844296
-1 -3.2 0.0891033 0.0891033
-1 -3 0.0937291 0.0937291
-1 -2.8 0.0982736 0.0982736
-1 -2.6 0.102703 0.102703
-1 -2.4 0.106981 0.106981
-1 -2.2 0.111075 0.111075
-1 -2 0.114949 0.114949
-1 -1.8 0.118571 0.118571
-1 -1.6 0.121908 0.121908
-1 -1.4 0.12493 0.12493
-1 -1.2 0.12761 0.12761
-1 -1 0.129923 0.129923
-1 -0.8 0.131846 0.131846
-1 -0.6 0.133361 0.133361
-1 -0.4 0.134454 0.134454
-1 -0.2 0.135115 0.135115
-1 2.16493e-15 0.135335 0.135335
-1 0.2 0.135115 0.135115
-1 0.4 0.134454 0.134454
-1 0.6 0.133361 0.133361
-1 0.8 0.131846 0.131846
-1 1 0.129923 0.129923
-1 1.2 0.12761 0.12761
-1 1.4 0.12493 0.12493
-1 1.6 0.121908 0.121908
-1 1.8 0.118571 0.118571
-1 2 0.114949 0.114949
-1 2.2 0.111075 0.111075
-1 2.4 0.106981 0.106981
-1 2.6 0.102703 0.102703
-1 2.8 0.0982736 0.0982736
-1 3 0.0937291 0.0937291
-1 3.2 0.0891033 0.0891033
-1 3.4 0.0844296 0.0844296
-1 3.6 0.0797403 0.0797403
-1 3.8 0.075066 0.075066
-1 4 0.0704353 0.0704353
-1 4.2 0.0658748 0.0658748
-1 4.4 0.0614087 0.0614087
-1 4.6 0.0570588 0.0570588
-1 4.8 0.0528442 0.0528442
-0.8 -5 0.100218 0.100218
-0.8 -4.8 0.108565 0.108565
-0.8 -4.6 0.117223 0.117223
-0.8 -4.4 0.12616 0.12616
-0.8 -4.2 0.135335 0.135335
-0.8 -4 0.144705 0.144705
-0.8 -3.8 0.154218 0.154218
-0.8 -3.6 0.163821 0.163821
-0.8 -3.4 0.173455 0.173455
-0.8 -3.2 0.183057 0.183057
-0.8 -3 0.19256 0.19256
-0.8 -2.8 0.201897 0.201897
-0.8 -2.6 0.210996 0.210996
-0.8 -2.4 0.219786 0.219786
-0.8 -2.2 0.228196 0.228196
-0.8 -2 0.236155 0.236155
-0.8 -1.8 0.243596 0.243596
-0.8 -1.6 0.250452 0.250452
-0.8 -1.4 0.256661 0.256661
-0.8 -1.2 0.262166 0.262166
-0.8 -1 0.266917 0.266917
-0.8 -0.8 0.270868 0.270868
-0.8 -0.6 0.273982 0.273982
-0.8 -0.4 0.276227 0.276227
-0.8 -0.2 0.277584 0.277584
-0.8 2.16493e-15 0.278037 0.278037
-0.8 0.2 0.277584 0.277584
-0.8 0.4 0.276227 0.276227
-0.8 0.6 0.273982 0.273982
-0.8 0.8 0.270868 0.270868
-0.8 1 0.266917 0.266917
-0.8 1.2 0.262166 0.262166
-0.8 1.4 0.256661 0.256661
-0.8 1.6 0.250452 0.250452
-0.8 1.8 0.243596 0.243596
-0.8 2 0.236155 0.236155
-0.8 2.2 0.228196 0.228196
-0.8 2.4 0.219786 0.219786
-0.8 2.6 0.210996 0.210996
-0.8 2.8 0.201897 0.201897
-0.8 3 0.19256 0.19256
-0.8 3.2 0.183057 0.183057
-0.8 3.4 0.173455 0.173455
-0.8 3.6 0.163821 0.163821
-0.8 3.8 0.154218 0.154218
-0.8 4 0.144705 0.144705
-0.8 4.2 0.135335 0.135335
-0.8 4.4 0.12616 0.12616
-0.8 4.6 0.117223 0.117223
-0.8 4.8 0.108565 0.108565
-0.6 -5 0.175449 0.175449
-0.6 -4.8 0.190061 0.190061
-0.6 -4.6 0.20522 0.20522
-0.6 -4.4 0.220865 0.220865
-0.6 -4.2 0.236928 0.236928
-0.6 -4 0.25333 0.25333
-0.6 -3.8 0.269985 0.269985
-0.6 -3.6 0.286797 0.286797
-0.6 -3.4 0.303663 0.303663
-0.6 -3.2 0.320472 0.320472
-0.6 -3 0.33711 0.33711
-0.6 -2.8 0.353455 0.353455
-0.6 -2.6 0.369384 0.369384
-0.6 -2.4 0.384773 0.384773
-0.6 -2.2 0.399496 0.399496
-0.6 -2 0.413431 0.413431
-0.6 -1.8 0.426457 0.426457
-0.6 -1.6 0.438459 0.438459
-0.6 -1.4 0.449329 0.449329
-0.6 -1.2 0.458968 0.458968
-0.6 -1 0.467285 0.467285
-0.6 -0.8 0.474202 0.474202
-0.6 -0.6 0.479652 0.479652
-0.6 -0.4 0.483584 0.483584
-0.6 -0.2 0.485958 0.485958
-0.6 2.16493e-15 0.486752 0.486752
-0.6 0.2 0.485958 0.485958
-0.6 0.4 0.483584 0.483584
-0.6 0.6 0.479652 0.479652
-0.6 0.8 0.474202 0.474202
-0.6 1 0.467285 0.467285
-0.6 1.2 0.458968 0.458968
-0.6 1.4 0.449329 0.449329
-0.6 1.6 0.438459 0.438459
-0.6 1.8 0.426457 0.426457
-0.6 2 0.413431 0.413431
-0.6 2.2 0.399496 0.399496
-0.6 2.4 0.384773 0.384773
-0.6 2.6 0.369384 0.369384
-0.6 2.8 0.353455 0.353455
-0.6 3 0.33711 0.33711
-0.6 3.2 0.320472 0.320472
-0.6 3.4 0.303663 0.303663
-0.6 3.6 0.286797 0.286797
-0.6 3.8 0.269985 0.269985
-0.6 4 0.25333 0.25333
-0.6 4.2 0.236928 0.236928
-0.6 4.4 0.220865 0.220865
-0.6 4.6 0.20522 0.20522
-0.6 4.8 0.190061 0.190061
-0.4 -5 0.261739 0.261739
-0.4 -4.8 0.283538 0.283538
-0.4 -4.6 0.306152 0.306152
-0.4 -4.4 0.329492 0.329492
-0.4 -4.2 0.353455 0.353455
-0.4 -4 0.377924 0.377924
-0.4 -3.8 0.402771 0.402771
-0.4 -3.6 0.427851 0.427851
-0.4 -3.4 0.453012 0.453012
-0.4 -3.2 0.478089 0.478089
-0.4 -3 0.502909 0.502909
-0.4 -2.8 0.527292 0.527292
-0.4 -2.6 0.551056 0.551056
-0.4 -2.4 0.574014 0.574014
-0.4 -2.2 0.595978 0.595978
-0.4 -2 0.616766 0.616766
-0.4 -1.8 0.636198 0.636198
-0.4 -1.6 0.654103 0.654103
-0.4 -1.4 0.67032 0.67032
-0.4 -1.2 0.684699 0.684699
-0.4 -1 0.697107 0.697107
-0.4 -0.8 0.707426 0.707426
-0.4 -0.6 0.715557 0.715557
-0.4 -0.4 0.721422 0.721422
-0.4 -0.2 0.724964 0.724964
-0.4 2.16493e-15 0.726149 0.726149
-0.4 0.2 0.724964 0.724964
-0.4 0.4 0.721422 0.721422
-0.4 0.6 0.715557 0.715557
-0.4 0.8 0.707426 0.707426
-0.4 1 0.697107 0.697107
-0.4 1.2 0.684699 0.684699
-0.4 1.4 0.67032 0.67032
-0.4 1.6 0.654103 0.654103
-0.4 1.8 0.636198 0.636198
-0.4 2 0.616766 0.616766
-0.4 2.2 0.595978 0.595978
-0.4 2.4 0.574014 0.574014
-0.4 2.6 0.551056 0.551056
-0.4 2.8 0.527292 0.527292
-0.4 3 0.502909 0.502909
-0.4 3.2 0.478089 0.478089
-0.4 3.4 0.453012 0.453012
-0.4 3.6 0.427851 0.427851
-0.4 3.8 0.402771 0.402771
-0.4 4 0.377924 0.377924
-0.4 4.2 0.353455 0.353455
-0.4 4.4 0.329492 0.329492
-0.4 4.6 0.306152 0.306152
-0.4 4.8 0.283538 0.283538
-0.2 -5 0.332735 0.332735
-0.2 -4.8 0.360448 0.360448
-0.2 -4.6 0.389196 0.389196
-0.2 -4.4 0.418866 0.418866
-0.2 -4.2 0.449329 0.449329
-0.2 -4 0.480436 0.480436
-0.2 -3.8 0.512022 0.512022
-0.2 -3.6 0.543906 0.543906
-0.2 -3.4 0.575891 0.575891
-0.2 -3.2 0.60777 0.60777
-0.2 -3 0.639322 0.639322
-0.2 -2.8 0.67032 0.67032
-0.2 -2.6 0.70053 0.70053
-0.2 -2.4 0.729714 0.729714
-0.2 -2.2 0.757637 0.757637
-0.2 -2 0.784063 0.784063
-0.2 -1.8 0.808767 0.808767
-0.2 -1.6 0.831528 0.831528
-0.2 -1.4 0.852144 0.852144
-0.2 -1.2 0.870423 0.870423
-0.2 -1 0.886197 0.886197
-0.2 -0.8 0.899315 0.899315
-0.2 -0.6 0.909651 0.909651
-0.2 -0.4 0.917107 0.917107
-0.2 -0.2 0.92161 0.92161
-0.2 2.16493e-15 0.923116 0.923116
-0.2 0.2 0.92161 0.92161
-0.2 0.4 0.917107 0.917107
-0.2 0.6 0.909651 0.909651
-0.2 0.8 0.899315 0.899315
-0.2 1 0.886197 0.886197
-0.2 1.2 0.870423 0.870423
-0.2 1.4 0.852144 0.852144
-0.2 1.6 0.831528 0.831528
-0.2 1.8 0.808767 0.808767
-0.2 2 0.784063 0.784063
-0.2 2.2 0.757637 0.757637
-0.2 2.4 0.729714 0.729714
-0.2 2.6 0.70053 0.70053
-0.2 2.8 0.67032 0.67032
-0.2 3 0.639322 0.639322
-0.2 3.2 0.60777 0.60777
-0.2 3.4 0.575891 0.575891
-0.2 3.6 0.543906 0.543906
-0.2 3.8 0.512022 0.512022
-0.2 4 0.480436 0.480436
-0.2 4.2 0.449329 0.449329
-0.2 4.4 0.418866 0.418866
-0.2 4.6 0.389196 0.389196
-0.2 4.8 0.360448 0.360448
2.16493e-15 -5 0.360448 0.360448
2.16493e-15 -4.8 0.390468 0.390468
2.16493e-15 -4.6 0.42161 0.42161
2.16493e-15 -4.4 0.453752 0.453752
2.16493e-15 -4.2 0.486752 0.486752
2.16493e-15 -4 0.52045 0.52045
2.16493e-15 -3.8 0.554667 0.554667
2.16493e-15 -3.6 0.589206 0.589206
2.16493e-15 -3.4 0.623855 0.623855
2.16493e-15 -3.2 0.658389 0.658389
2.16493e-15 -3 0.692569 0.692569
2.16493e-15 -2.8 0.726149 0.726149
2.16493e-15 -2.6 0.758875 0.758875
2.16493e-15 -2.4 0.79049 0.79049
2.16493e-15 -2.2 0.820738 0.820738
2.16493e-15 -2 0.849366 0.849366
2.16493e-15 -1.8 0.876126 0.876126
2.16493e-15 -1.6 0.900784 0.900784
2.16493e-15 -1.4 0.923116 0.923116
2.16493e-15 -1.2 0.942918 0.942918
2.16493e-15 -1 0.960005 0.960005
2.16493e-15 -0.8 0.974216 0.974216
2.16493e-15 -0.6 0.985414 0.985414
2.16493e-15 -0.4 0.993491 0.993491
2.16493e-15 -0.2 0.998369 0.998369
2.16493e-15 2.16493e-15 1 1
2.16493e-15 0.2 0.998369 0.998369
2.16493e-15 0.4 0.993491 0.993491
2.16493e-15 0.6 0.985414 0.985414
2.16493e-15 0.8 0.974216 0.974216
2.16493e-15 1 0.960005 0.960005
2.16493e-15 1.2 0.942918 0.942918
2.16493e-15 1.4 0.923116 0.923116
2.16493e-15 1.6 0.900784 0.900784
2.16493e-15 1.8 0.876126 0.876126
2.16493e-15 2 0.849366 0.849366
2.16493e-15 2.2 0.820738 0.820738
2.16493e-15 2.4 0.79049 0.79049
2.16493e-15 2.6 0.758875 0.758875
2.16493e-15 2.8 0.726149 0.726149
2.16493e-15 3 0.692569 0.692569
2.16493e-15 3.2 0.658389 0.658389
2.16493e-15 3.4 0.623855 0.623855
2.16493e-15 3.6 0.589206 0.589206
2.16493e-15 3.8 0.554667 0.554667
2.16493e-15 4 0.52045 0.52045
2.16493e-15 4.2 0.486752 0.486752
2.16493e-15 4.4 0.453752 0.453752
2.16493e-15 4.6 0.42161 0.42161
2.16493e-15 4.8 0.390468 0.390468
0.2 -5 0.332735 0.332735
0.2 -4.8 0.360448 0.360448
0.2 -4.6 0.389196 0.389196
0.2 -4.4 0.418866 0.418866
0.2 -4.2 0.449329 0.449329
0.2 -4 0.480436 0.480436
0.2 -3.8 0.512022 0.512022
0.2 -3.6 0.543906 0.543906
0.2 -3.4 0.575891 0.575891
0.2 -3.2 0.60777 0.60777
0.2 -3 0.639322 0.639322
0.2 -2.8 0.67032 0.67032
0.2 -2.6 0.70053 0.70053
0.2 -2.4 0.729714 0.729714
0.2 -2.2 0.757637 0.757637
0.2 -2 0.784063 0.784063
0.2 -1.8 0.808767 0.808767
0.2 -1.6 0.831528 0.831528
0.2 -1.4 0.852144 0.852144
0.2 -1.2 0.870423 0.870423
0.2 -1 0.886197 0.886197
0.2 -0.8 0.899315 0.899315
0.2 -0.6 0.909651 0.909651
0.2 -0.4 0.917107 0.917107
0.2 -0.2 0.92161 0.92161
0.2 2.16493e-15 0.923116 0.923116
0.2 0.2 0.92161 0.92161
0.2 0.4 0.917107 0.917107
0.2 0.6 0.909651 0.909651
0.2 0.8 0.899315 0.899315
0.2 1 0.886197 0.886197
0.2 1.2 0.870423 0.870423
0.2 1.4 0.852144 0.852144
0.2 1.6 0.831528 0.831528
0.2 1.8 0.808767 0.808767
0.2 2 0.784063 0.784063
0.2 2.2 0.757637 0.757637
0.2 2.4 0.729714 0.729714
0.2 2.6 0.70053 0.70053
0.2 2.8 0.67032 0.67032
0.2 3 0.639322 0.639322
0.2 3.2 0.60777 0.60777
0.2 3.4 0.575891 0.575891
0.2 3.6 0.543906 0.543906
0.2 3.8 0.512022 0.512022
0.2 4 0.480436 0.480436
0.2 4.2 0.449329 0.449329
0.2 4.4 0.418866 0.418866
0.2 4.6 0.389196 0.389196
0.2 4.8 0.360448 0.360448
0.4 -5 0.261739 0.261739
0.4 -4.8 0.283538 0.283538
0.4 -4.6 0.306152 0.306152
0.4 -4.4 0.329492 0.329492
0.4 -4.2 0.353455 0.353455
0.4 -4 0.377924 0.377924
0.4 -3.8 0.402771 0.402771
0.4 -3.6 0.427851 0.427851
0.4 -3.4 0.453012 0.453012
0.4 -3.2 0.478089 0.478089
0.4 -3 0.502909 0.502909
0.4 -2.8 0.527292 0.527292
0.4 -2.6 0.551056 0.551056
0.4 -2.4 0.574014 0.574014
0.4 -2.2 0.595978 0.595978
0.4 -2 0.616766 0.616766
0.4 -1.8 0.636198 0.636198
0.4 -1.6 0.654103 0.654103
0.4 -1.4 0.67032 0.67032
0.4 -1.2 0.684699 0.684699
0.4 -1 0.697107 0.697107
0.4 -0.8 0.707426 0.707426
0.4 -0.6 0.715557 0.715557
0.4 -0.4 0.721422 0.721422
0.4 -0.2 0.724964 0.724964
0.4 2.16493e-15 0.726149 0.726149
0.4 0.2 0.724964 0.724964
0.4 0.4 0.721422 0.721422
0.4 0.6 0.715557 0.715557
0.4 0.8 0.707426 0.707426
0.4 1 0.697107 0.697107
0.4 1.2 0.684699 0.684699
0.4 1.4 0.67032 0.67032
0.4 1.6 0.654103 0.654103
0.4 1.8 0.636198 0.636198
0.4 2 0.616766 0.616766
0.4 2.2 0.595978 0.595978
0.4 2.4 0.574014 0.574014
0.4 2.6 0.551056 0.551056
0.4 2.8 0.527292 0.527292
0.4 3 0.502909 0.502909
0.4 3.2 0.478089 0.478089
0.4 3.4 0.453012 0.453012
0.4 3.6 0.427851 0.427851
0.4 3.8 0.402771 0.402771
0.4 4 0.377924 0.377924
0.4 4.2 0.353455 0.353455
0.4 4.4 0.329492 0.329492
0.4 4.6 0.306152 0.306152
0.4 4.8 0.283538 0.283538
0.6 -5 0.175449 0.175449
0.6 -4.8 0.190061 0.190061
0.6 -4.6 0.20522 0.20522
0.6 -4.4 0.220865 0.220865
0.6 -4.2 0.236928 0.236928
0.6 -4 0.25333 0.25333
0.6 -3.8 0.269985 0.269985
0.6 -3.6 0.286797 0.286797
0.6 -3.4 0.303663 0.303663
0.6 -3.2 0.320472 0.320472
0.6 -3 0.33711 0.33711
0.6 -2.8 0.353455 0.353455
0.6 -2.6 0.369384 0.369384
0.6 -2.4 0.384773 0.384773
0.6 -2.2 0.399496 0.399496
0.6 -2 0.413431 0.413431
0.6 -1.8 0.426457 0.426457
0.6 -1.6 0.438459 0.438459
0.6 -1.4 0.449329 0.449329
0.6 -1.2 0.458968 0.458968
0.6 -1 0.467285 0.467285
0.6 -0.8 0.474202 0.474202
0.6 -0.6 0.479652 0.479652
0.6 -0.4 0.483584 0.483584
0.6 -0.2 0.485958 0.485958
0.6 2.16493e-15 0.486752 0.486752
0.6 0.2 0.485958 0.485958
0.6 0.4 0.483584 0.483584
0.6 0.6 0.479652 0.479652
0.6 0.8 0.474202 0.474202
0.6 1 0.467285 0.467285
0.6 1.2 0.458968 0.458968
0.6 1.4 0.449329 0.449329
0.6 1.6 0.438459 0.438459
0.6 1.8 0.426457 0.426457
0.6 2 0.413431 0.413431
0.6 2.2 0.399496 0.399496
0.6 2.4 0.384773 0.384773
0.6 2.6 0.369384 0.369384
0.6 2.8 0.353455 0.353455
0.6 3 0.33711 0.33711
0.6 3.2 0.320472 0.320472
0.6 3.4 0.303663 0.303663
0.6 3.6 0.286797 0.286797
0.6 3.8 0.269985 0.269985
0.6 4 0.25333 0.25333
0.6 4.2 0.236928 0.236928
0.6 4.4 0.220865 0.220865
0.6 4.6 0.20522 0.20522
0.6 4.8 0.190061 0.190061
0.8 -5 0.100218 0.100218
0.8 -4.8 0.108565 0.108565
0.8 -4.6 0.117223 0.117223
0.8 -4.4 0.12616 0.12616
0.8 -4.2 0.135335 0.135335
0.8 -4 0.144705 0.144705
0.8 -3.8 0.154218 0.154218
0.8 -3.6 0.163821 0.163821
0.8 -3.4 0.173455 0.173455
0.8 -3.2 0.183057 0.183057
0.8 -3 0.19256 0.19256
0.8 -2.8 0.201897 0.201897
0.8 -2.6 0.210996 0.210996
0.8 -2.4 0.219786 0.219786
0.8 -2.2 0.228196 0.228196
0.8 -2 0.236155 0.236155
0.8 -1.8 0.243596 0.243596
0.8 -1.6 0.250452 0.250452
0.8 -1.4 0.256661 0.256661
0.8 -1.2 0.262166 0.262166
0.8 -1 0.266917 0.266917
0.8 -0.8 0.270868 0.270868
0.8 -0.6 0.273982 0.273982
0.8 -0.4 0.276227 0.276227
0.8 -0.2 0.277584 0.277584
0.8 2.16493e-15 0.278037 0.278037
0.8 0.2 0.277584 0.277584
0.8 0.4 0.276227 0.276227
0.8 0.6 0.273982 0.273982
0.8 0.8 0.270868 0.270868
0.8 1 0.266917 0.266917
0.8 1.2 0.262166 0.262166
0.8 1.4 0.256661 0.256661
0.8 1.6 0.250452 0.250452
0.8 1.8 0.243596 0.243596
0.8 2 0.236155 0.236155
0.8 2.2 0.228196 0.228196
0.8 2.4 0.219786 0.219786
0.8 2.6 0.210996 0.210996
0.8 2.8 0.201897 0.201897
0.8 3 0.19256 0.19256
0.8 3.2 0.183057 0.183057
0.8 3.4 0.173455 0.173455
0.8 3.6 0.163821 0.163821
0.8 3.8 0.154218 0.154218
0.8 4 0.144705 0.144705
0.8 4.2 0.135335 0.135335
0.8 4.4 0.12616 0.12616
0.8 4.6 0.117223 0.117223
0.8 4.8 0.108565 0.108565
1 -5 0.0487813 0.0487813
1 -4.8 0.0528442 0.0528442
1 -4.6 0.0570588 0.0570588
1 -4.4 0.0614087 0.0614087
1 -4.2 0.0658748 0.0658748
1 -4 0.0704353 0.0704353
1 -3.8 0.075066 0.075066
1 -3.6 0.0797403 0.0797403
1 -3.4 0.0844296 0.0844296
1 -3.2 0.0891033 0.0891033
1 -3 0.0937291 0.0937291
1 -2.8 0.0982736 0.0982736
1 -2.6 0.102703 0.102703
1 -2.4 0.106981 0.106981
1 -2.2 0.111075 0.111075
1 -2 0.114949 0.114949
1 -1.8 0.118571 0.118571
1 -1.6 0.121908 0.121908
1 -1.4 0.12493 0.12493
1 -1.2 0.12761 0.12761
1 -1 0.129923 0.129923
1 -0.8 0.131846 0.131846
1 -0.6 0.133361 0.133361
1 -0.4 0.134454 0.134454
1 -0.2 0.135115 0.135115
1 2.16493e-15 0.135335 0.135335
1 0.2 0.135115 0.135115
1 0.4 0.134454 0.134454
1 0.6 0.133361 0.133361
1 0.8 0.131846 0.131846
1 1 0.129923 0.129923
1 1.2 0.12761 0.12761
1 1.4 0.12493 0.12493
1 1.6 0.121908 0.121908
1 1.8 0.118571 0.118571
1 2 0.114949 0.114949
1 2.2 0.111075 0.111075
1 2.4 0.106981 0.106981
1 2.6 0.102703 0.102703
1 2.8 0.0982736 0.0982736
1 3 0.0937291 0.0937291
1 3.2 0.0891033 0.0891033
1 3.4 0.0844296 0.0844296
1 3.6 0.0797403 0.0797403
1 3.8 0.075066 0.075066
1 4 0.0704353 0.0704353
1 4.2 0.0658748 0.0658748
1 4.4 0.0614087 0.0614087
1 4.6 0.0570588 0.0570588
1 4.8 0.0528442 0.0528442
1.2 -5 0.0202337 0.0202337
1.2 -4.8 0.0219189 0.0219189
1.2 -4.6 0.023667 0.023667
1.2 -4.4 0.0254713 0.0254713
1.2 -4.2 0.0273237 0.0273237
1.2 -4 0.0292153 0.0292153
1.2 -3.8 0.0311361 0.0311361
1.2 -3.6 0.0330749 0.0330749
1.2 -3.4 0.03502 0.03502
1.2 -3.2 0.0369585 0.0369585
1.2 -3 0.0388772 0.0388772
1.2 -2.8 0.0407622 0.0407622
1.2 -2.6 0.0425993 0.0425993
1.2 -2.4 0.044374 0.044374
1.2 -2.2 0.0460719 0.0460719
1.2 -2 0.0476789 0.0476789
1.2 -1.8 0.0491811 0.0491811
1.2 -1.6 0.0505653 0.0505653
1.2 -1.4 0.0518189 0.0518189
1.2 -1.2 0.0529305 0.0529305
1.2 -1 0.0538897 0.0538897
1.2 -0.8 0.0546874 0.0546874
1.2 -0.6 0.055316 0.055316
1.2 -0.4 0.0557694 0.0557694
1.2 -0.2 0.0560432 0.0560432
1.2 2.16493e-15 0.0561348 0.0561348
1.2 0.2 0.0560432 0.0560432
1.2 0.4 0.0557694 0.0557694
1.2 0.6 0.055316 0.055316
1.2 0.8 0.0546874 0.0546874
1.2 1 0.0538897 0.0538897
1.2 1.2 0.0529305 0.0529305
1.2 1.4 0.0518189 0.0518189
1.2 1.6 0.0505653 0.0505653
1.2 1.8 0.0491811 0.0491811
1.2 2 0.0476789 0.0476789
1.2 2.2 0.0460719 0.0460719
1.2 2.4 0.044374 0.044374
1.2 2.6 0.0425993 0.0425993
1.2 2.8 0.0407622 0.0407622
1.2 3 0.0388772 0.0388772
1.2 3.2 0.0369585 0.0369585
1.2 3.4 0.03502 0.03502
1.2 3.6 0.0330749 0.0330749
1.2 3.8 0.0311361 0.0311361
1.2 4 0.0292153 0.0292153
1.2 4.2 0.0273237 0.0273237
1.2 4.4 0.0254713 0.0254713
1.2 4.6 0.023667 0.023667
1.2 4.8 0.0219189 0.0219189
1.4 -5 0.00715168 0.00715168
1.4 -4.8 0.00774732 0.00774732
1.4 -4.6 0.00836521 0.00836521
1.4 -4.4 0.00900294 0.00900294
1.4 -4.2 0.0096577 0.0096577
1.4 -4 0.0103263 0.0103263
1.4 -3.8 0.0110052 0.0110052
1.4 -3.6 0.0116905 0.0116905
1.4 -3.4 0.012378 0.012378
1.4 -3.2 0.0130632 0.0130632
1.4 -3 0.0137413 0.0137413
1.4 -2.8 0.0144076 0.0144076
1.4 -2.6 0.0150569 0.0150569
1.4 -2.4 0.0156842 0.0156842
1.4 -2.2 0.0162843 0.0162843
1.4 -2 0.0168523 0.0168523
1.4 -1.8 0.0173833 0.0173833
1.4 -1.6 0.0178725 0.0178725
1.4 -1.4 0.0183156 0.0183156
1.4 -1.2 0.0187085 0.0187085
1.4 -1 0.0190476 0.0190476
1.4 -0.8 0.0193295 0.0193295
1.4 -0.6 0.0195517 0.0195517
1.4 -0.4 0.0197119 0.0197119
1.4 -0.2 0.0198087 0.0198087
1.4 2.16493e-15 0.0198411 0.0198411
1.4 0.2 0.0198087 0.0198087
1.4 0.4 0.0197119 0.0197119
1.4 0.6 0.0195517 0.0195517
1.4 0.8 0.0193295 0.0193295
1.4 1 0.0190476 0.0190476
1.4 1.2 0.0187085 0.0187085
1.4 1.4 0.0183156 0.0183156
1.4 1.6 0.0178725 0.0178725
1.4 1.8 0.0173833 0.0173833
1.4 2 0.0168523 0.0168523
1.4 2.2 0.0162843 0.0162843
1.4 2.4 0.0156842 0.0156842
1.4 2.6 0.0150569 0.0150569
1.4 2.8 0.0144076 0.0144076
1.4 3 0.0137413 0.0137413
1.4 3.2 0.0130632 0.0130632
1.4 3.4 0.012378 0.012378
1.4 3.6 0.0116905 0.0116905
1.4 3.8 0.0110052 0.0110052
1.4 4 0.0103263 0.0103263
1.4 4.2 0.0096577 0.0096577
1.4 4.4 0.00900294 0.00900294
1.4 4.6 0.00836521 0.00836521
1.4 4.8 0.00774732 0.00774732
1.6 -5 0.00215404 0.00215404
1.6 -4.8 0.00233345 0.00233345
1.6 -4.6 0.00251955 0.00251955
1.6 -4.4 0.00271163 0.00271163
1.6 -4.2 0.00290884 0.00290884
1.6 -4 0.00311022 0.00311022
1.6 -3.8 0.0033147 0.0033147
1.6 -3.6 0.00352111 0.00352111
1.6 -3.4 0.00372817 0.00372817
1.6 -3.2 0.00393455 0.00393455
1.6 -3 0.00413881 0.00413881
1.6 -2.8 0.00433948 0.00433948
1.6 -2.6 0.00453505 0.00453505
1.6 -2.4 0.00472399 0.00472399
1.6 -2.2 0.00490475 0.00490475
1.6 -2 0.00507583 0.00507583
1.6 -1.8 0.00523575 0.00523575
1.6 -1.6 0.00538311 0.00538311
1.6 -1.4 0.00551656 0.00551656
1.6 -1.2 0.0056349 0.0056349
1.6 -1 0.00573701 0.00573701
1.6 -0.8 0.00582194 0.00582194
1.6 -0.6 0.00588885 0.00588885
1.6 -0.4 0.00593712 0.00593712
1.6 -0.2 0.00596627 0.00596627
1.6 2.16493e-15 0.00597602 0.00597602
1.6 0.2 0.00596627 0.00596627
1.6 0.4 0.00593712 0.00593712
1.6 0.6 0.00588885 0.00588885
1.6 0.8 0.00582194 0.00582194
1.6 1 0.00573701 0.00573701
1.6 1.2 0.0056349 0.0056349
1.6 1.4 0.00551656 0.00551656
1.6 1.6 0.00538311 0.00538311
1.6 1.8 0.00523575 0.00523575
1.6 2 0.00507583 0.00507583
1.6 2.2 0.00490475 0.00490475
1.6 2.4 0.00472399 0.00472399
1.6 2.6 0.00453505 0.00453505
1.6 2.8 0.00433948 0.00433948
1.6 3 0.00413881 0.00413881
1.6 3.2 0.00393455 0.00393455
1.6 3.4 0.00372817 0.00372817
1.6 3.6 0.00352111 0.00352111
1.6 3.8 0.0033147 0.0033147
1.6 4 0.00311022 0.00311022
1.6 4.2 0.00290884 0.00290884
1.6 4.4 0.00271163 0.00271163
1.6 4.6 0.00251955 0.00251955
1.6 4.8 0.00233345 0.00233345
1.8 -5 0.000552859 0.000552859
1.8 -4.8 0.000598905 0.000598905
1.8 -4.6 0.000646671 0.000646671
1.8 -4.4 0.00069597 0.00069597
1.8 -4.2 0.000746586 0.000746586
1.8 -4 0.000798272 0.000798272
1.8 -3.8 0.000850754 0.000850754
1.8 -3.6 0.00090373 0.00090373
1.8 -3.4 0.000956876 0.000956876
1.8 -3.2 0.00100984 0.00100984
1.8 -3 0.00106227 0.00106227
1.8 -2.8 0.00111378 0.00111378
1.8 -2.6 0.00116397 0.00116397
1.8 -2.4 0.00121246 0.00121246
1.8 -2.2 0.00125886 0.00125886
1.8 -2 0.00130277 0.00130277
1.8 -1.8 0.00134381 0.00134381
1.8 -1.6 0.00138163 0.00138163
1.8 -1.4 0.00141589 0.00141589
1.8 -1.2 0.00144626 0.00144626
1.8 -1 0.00147247 0.00147247
1.8 -0.8 0.00149426 0.00149426
1.8 -0.6 0.00151144 0.00151144
1.8 -0.4 0.00152383 0.00152383
1.8 -0.2 0.00153131 0.00153131
1.8 2.16493e-15 0.00153381 0.00153381
1.8 0.2 0.00153131 0.00153131
1.8 0.4 0.00152383 0.00152383
1.8 0.6 0.00151144 0.00151144
1.8 0.8 0.00149426 0.00149426
1.8 1 0.00147247 0.00147247
1.8 1.2 0.00144626 0.00144626
1.8 1.4 0.00141589 0.00141589
1.8 1.6 0.00138163 0.00138163
1.8 1.8 0.00134381 0.00134381
1.8 2 0.00130277 0.00130277
1.8 2.2 0.00125886 0.00125886
1.8 2.4 0.00121246 0.00121246
1.8 2.6 0.00116397 0.00116397
1.8 2.8 0.00111378 0.00111378
1.8 3 0.00106227 0.00106227
1.8 3.2 0.00100984 0.00100984
1.8 3.4 0.000956876 0.000956876
1.8 3.6 0.00090373 0.00090373
1.8 3.8 0.000850754 0.000850754
1.8 4 0.000798272 0.000798272
1.8 4.2 0.000746586 0.000746586
1.8 4.4 0.00069597 0.00069597
1.8 4.6 0.000646671 0.000646671
1.8 4.8 0.000598905 0.000598905
2 -5 0.000120917 0.000120917
2 -4.8 0.000130988 0.000130988
2 -4.6 0.000141435 0.000141435
2 -4.4 0.000152217 0.000152217
2 -4.2 0.000163287 0.000163287
2 -4 0.000174592 0.000174592
2 -3.8 0.00018607 0.00018607
2 -3.6 0.000197657 0.000197657
2 -3.4 0.00020928 0.00020928
2 -3.2 0.000220865 0.000220865
2 -3 0.000232331 0.000232331
2 -2.8 0.000243596 0.000243596
2 -2.6 0.000254574 0.000254574
2 -2.4 0.00026518 0.00026518
2 -2.2 0.000275327 0.000275327
2 -2 0.00028493 0.00028493
2 -1.8 0.000293908 0.000293908
2 -1.6 0.000302179 0.000302179
2 -1.4 0.000309671 0.000309671
2 -1.2 0.000316314 0.000316314
2 -1 0.000322046 0.000322046
2 -0.8 0.000326813 0.000326813
2 -0.6 0.000330569 0.000330569
2 -0.4 0.000333279 0.000333279
2 -0.2 0.000334915 0.000334915
2 2.16493e-15 0.000335463 0.000335463
2 0.2 0.000334915 0.000334915
2 0.4 0.000333279 0.000333279
2 0.6 0.000330569 0.000330569
2 0.8 0.000326813 0.000326813
2 1 0.000322046 0.000322046
2 1.2 0.000316314 0.000316314
2 1.4 0.000309671 0.000309671
2 1.6 0.000302179 0.000302179
2 1.8 0.000293908 0.000293908
2 2 0.00028493 0.00028493
2 2.2 0.000275327 0.000275327
2 2.4 0.00026518 0.00026518
2 2.6 0.000254574 0.000254574
2 2.8 0.000243596 0.000243596
2 3 0.000232331 0.000232331
2 3.2 0.000220865 0.000220865
2 3.4 0.00020928 0.00020928
2 3.6 0.000197657 0.000197657
2 3.8 0.00018607 0.00018607
2 4 0.000174592 0.000174592
2 4.2 0.000163287 0.000163287
2 4.4 0.000152217 0.000152217
2 4.6 0.000141435 0.000141435
2 4.8 0.000130988 0.000130988
2.2 -5 2.25357e-05 2.25357e-05
2.2 -4.8 2.44127e-05 2.44127e-05
2.2 -4.6 2.63597e-05 2.63597e-05
2.2 -4.4 2.83693e-05 2.83693e-05
2.2 -4.2 3.04325e-05 3.04325e-05
2.2 -4 3.25393e-05 3.25393e-05
2.2 -3.8 3.46786e-05 3.46786e-05
2.2 -3.6 3.6838e-05 3.6838e-05
2.2 -3.4 3.90044e-05 3.90044e-05
2.2 -3.2 4.11635e-05 4.11635e-05
2.2 -3 4.33005e-05 4.33005e-05
2.2 -2.8 4.53999e-05 4.53999e-05
2.2 -2.6 4.7446e-05 4.7446e-05
2.2 -2.4 4.94226e-05 4.94226e-05
2.2 -2.2 5.13138e-05 5.13138e-05
2.2 -2 5.31036e-05 5.31036e-05
2.2 -1.8 5.47767e-05 5.47767e-05
2.2 -1.6 5.63184e-05 5.63184e-05
2.2 -1.4 5.77146e-05 5.77146e-05
2.2 -1.2 5.89527e-05 5.89527e-05
2.2 -1 6.0021e-05 6.0021e-05
2.2 -0.8 6.09094e-05 6.09094e-05
2.2 -0.6 6.16095e-05 6.16095e-05
2.2 -0.4 6.21145e-05 6.21145e-05
2.2 -0.2 6.24195e-05 6.24195e-05
2.2 2.16493e-15 6.25215e-05 6.25215e-05
2.2 0.2 6.24195e-05 6.24195e-05
2.2 0.4 6.21145e-05 6.21145e-05
2.2 0.6 6.16095e-05 6.16095e-05
2.2 0.8 6.09094e-05 6.09094e-05
2.2 1 6.0021e-05 6.0021e-05
2.2 1.2 5.89527e-05 5.89527e-05
2.2 1.4 5.77146e-05 5.77146e-05
2.2 1.6 5.63184e-05 5.63184e-05
2.2 1.8 5.47767e-05 5.47767e-05
2.2 2 5.31036e-05 5.31036e-05
2.2 2.2 5.13138e-05 5.13138e-05
2.2 2.4 4.94226e-05 4.94226e-05
2.2 2.6 4.7446e-05 4.7446e-05
2.2 2.8 4.53999e-05 4.53999e-05
2.2 3 4.33005e-05 4.33005e-05
2.2 3.2 4.11635e-05 4.11635e-05
2.2 3.4 3.90044e-05 3.90044e-05
2.2 3.6 3.6838e-05 3.6838e-05
2.2 3.8 3.46786e-05 3.46786e-05
2.2 4 3.25393e-05 3.25393e-05
2.2 4.2 3.04325e-05 3.04325e-05
2.2 4.4 2.83693e-05 2.83693e-05
2.2 4.6 2.63597e-05 2.63597e-05
2.2 4.8 2.44127e-05 2.44127e-05
2.4 -5 3.57907e-06 3.57907e-06
2.4 -4.8 3.87716e-06 3.87716e-06
2.4 -4.6 4.18638e-06 4.18638e-06
2.4 -4.4 4.50553e-06 4.50553e-06
2.4 -4.2 4.83321e-06 4.83321e-06
2.4 -4 5.16781e-06 5.16781e-06
2.4 -3.8 5.50757e-06 5.50757e-06
2.4 -3.6 5.85052e-06 5.85052e-06
2.4 -3.4 6.19457e-06 6.19457e-06
2.4 -3.2 6.53748e-06 6.53748e-06
2.4 -3 6.87687e-06 6.87687e-06
2.4 -2.8 7.2103e-06 7.2103e-06
2.4 -2.6 7.53525e-06 7.53525e-06
2.4 -2.4 7.84918e-06 7.84918e-06
2.4 -2.2 8.14952e-06 8.14952e-06
2.4 -2 8.43378e-06 8.43378e-06
2.4 -1.8 8.6995e-06 8.6995e-06
2.4 -1.6 8.94434e-06 8.94434e-06
2.4 -1.4 9.16609e-06 9.16609e-06
2.4 -1.2 9.36271e-06 9.36271e-06
2.4 -1 9.53238e-06 9.53238e-06
2.4 -0.8 9.67348e-06 9.67348e-06
2.4 -0.6 9.78467e-06 9.78467e-06
2.4 -0.4 9.86487e-06 9.86487e-06
2.4 -0.2 9.91331e-06 9.91331e-06
2.4 2.16493e-15 9.9295e-06 9.9295e-06
2.4 0.2 9.91331e-06 9.91331e-06
2.4 0.4 9.86487e-06 9.86487e-06
2.4 0.6 9.78467e-06 9.78467e-06
2.4 0.8 9.67348e-06 9.67348e-06
2.4 1 9.53238e-06 9.53238e-06
2.4 1.2 9.36271e-06 9.36271e-06
2.4 1.4 9.16609e-06 9.16609e-06
2.4 1.6 8.94434e-06 8.94434e-06
2.4 1.8 8.6995e-06 8.6995e-06
2.4 2 8.43378e-06 8.43378e-06
2.4 2.2 8.14952e-06 8.14952e-06
2.4 2.4 7.84918e-06 7.84918e-06
2.4 2.6 7.53525e-06 7.53525e-06
2.4 2.8 7.2103e-06 7.2103e-06
2.4 3 6.87687e-06 6.87687e-06
2.4 3.2 6.53748e-06 6.53748e-06
2.4 3.4 6.19457e-06 6.19457e-06
2.4 3.6 5.85052e-06 5.85052e-06
2.4 3.8 5.50757e-06 5.50757e-06
2.4 4 5.16781e-06 5.16781e-06
2.4 4.2 4.83321e-06 4.83321e-06
2.4 4.4 4.50553e-06 4.50553e-06
2.4 4.6 4.18638e-06 4.18638e-06
2.4 4.8 3.87716e-06 3.87716e-06
2.6 -5 4.84374e-07 4.84374e-07
2.6 -4.8 5.24716e-07 5.24716e-07
2.6 -4.6 5.66565e-07 5.66565e-07
2.6 -4.4 6.09758e-07 6.09758e-07
2.6 -4.2 6.54104e-07 6.54104e-07
2.6 -4 6.99387e-07 6.99387e-07
2.6 -3.8 7.45368e-07 7.45368e-07
2.6 -3.6 7.91782e-07 7.91782e-07
2.6 -3.4 8.38344e-07 8.38344e-07
2.6 -3.2 8.84751e-07 8.84751e-07
2.6 -3 9.30683e-07 9.30683e-07
2.6 -2.8 9.75808e-07 9.75808e-07
2.6 -2.6 1.01979e-06 1.01979e-06
2.6 -2.4 1.06227e-06 1.06227e-06
2.6 -2.2 1.10292e-06 1.10292e-06
2.6 -2 1.14139e-06 1.14139e-06
2.6 -1.8 1.17735e-06 1.17735e-06
2.6 -1.6 1.21048e-06 1.21048e-06
2.6 -1.4 1.2405e-06 1.2405e-06
2.6 -1.2 1.26711e-06 1.26711e-06
2.6 -1 1.29007e-06 1.29007e-06
2.6 -0.8 1.30916e-06 1.30916e-06
2.6 -0.6 1.32421e-06 1.32421e-06
2.6 -0.4 1.33506e-06 1.33506e-06
2.6 -0.2 1.34162e-06 1.34162e-06
2.6 2.16493e-15 1.34381e-06 1.34381e-06
2.6 0.2 1.34162e-06 1.34162e-06
2.6 0.4 1.33506e-06 1.33506e-06
2.6 0.6 1.32421e-06 1.32421e-06
2.6 0.8 1.30916e-06 1.30916e-06
2.6 1 1.29007e-06 1.29007e-06
2.6 1.2 1.26711e-06 1.26711e-06
2.6 1.4 1.2405e-06 1.2405e-06
2.6 1.6 1.21048e-06 1.21048e-06
2.6 1.8 1.17735e-06 1.17735e-06
2.6 2 1.14139e-06 1.14139e-06
2.6 2.2 1.10292e-06 1.10292e-06
2.6 2.4 1.06227e-06 1.06227e-06
2.6 2.6 1.01979e-06 1.01979e-06
2.6 2.8 9.75808e-07 9.75808e-07
2.6 3 9.30683e-07 9.30683e-07
2.6 3.2 8.84751e-07 8.84751e-07
2.6 3.4 8.38344e-07 8.38344e-07
2.6 3.6 7.91782e-07 7.91782e-07
2.6 3.8 7.45368e-07 7.45368e-07
2.6 4 6.99387e-07 6.99387e-07
2.6 4.2 6.54104e-07 6.54104e-07
2.6 4.4 6.09758e-07 6.09758e-07
2.6 4.6 5.66565e-07 5.66565e-07
2.6 4.8 5.24716e-07 5.24716e-07
2.8 -5 5.58605e-08 5.58605e-08
2.8 -4.8 6.0513e-08 6.0513e-08
2.8 -4.6 6.53392e-08 6.53392e-08
2.8 -4.4 7.03204e-08 7.03204e-08
2.8 -4.2 7.54346e-08 7.54346e-08
2.8 -4 8.06569e-08 8.06569e-08
2.8 -3.8 8.59597e-08 8.59597e-08
2.8 -3.6 9.13124e-08 9.13124e-08
2.8 -3.4 9.66822e-08 9.66822e-08
2.8 -3.2 1.02034e-07 1.02034e-07
2.8 -3 1.07331e-07 1.07331e-07
2.8 -2.8 1.12535e-07 1.12535e-07
2.8 -2.6 1.17607e-07 1.17607e-07
2.8 -2.4 1.22506e-07 1.22506e-07
2.8 -2.2 1.27194e-07 1.27194e-07
2.8 -2 1.31631e-07 1.31631e-07
2.8 -1.8 1.35778e-07 1.35778e-07
2.8 -1.6 1.39599e-07 1.39599e-07
2.8 -1.4 1.4306e-07 1.4306e-07
2.8 -1.2 1.46129e-07 1.46129e-07
2.8 -1 1.48777e-07 1.48777e-07
2.8 -0.8 1.50979e-07 1.50979e-07
2.8 -0.6 1.52715e-07 1.52715e-07
2.8 -0.4 1.53967e-07 1.53967e-07
2.8 -0.2 1.54722e-07 1.54722e-07
2.8 2.16493e-15 1.54975e-07 1.54975e-07
2.8 0.2 1.54722e-07 1.54722e-07
2.8 0.4 1.53967e-07 1.53967e-07
2.8 0.6 1.52715e-07 1.52715e-07
2.8 0.8 1.50979e-07 1.50979e-07
2.8 1 1.48777e-07 1.48777e-07
2.8 1.2 1.46129e-07 1.46129e-07
2.8 1.4 1.4306e-07 1.4306e-07
2.8 1.6 1.39599e-07 1.39599e-07
2.8 1.8 1.35778e-07 1.35778e-07
2.8 2 1.31631e-07 1.31631e-07
2.8 2.2 1.27194e-07 1.27194e-07
2.8 2.4 1.22506e-07 1.22506e-07
2.8 2.6 1.17607e-07 1.17607e-07
2.8 2.8 1.12535e-07 1.12535e-07
2.8 3 1.07331e-07 1.07331e-07
2.8 3.2 1.02034e-07 1.02034e-07
2.8 3.4 9.66822e-08 9.66822e-08
2.8 3.6 9.13124e-08 9.13124e-08
2.8 3.8 8.59597e-08 8.59597e-08
2.8 4 8.06569e-08 8.06569e-08
2.8 4.2 7.54346e-08 7.54346e-08
2.8 4.4 7.03204e-08 7.03204e-08
2.8 4.6 6.53392e-08 6.53392e-08
2.8 4.8 6.0513e-08 6.0513e-08
3 -5 5.48961e-09 5.48961e-09
3 -4.8 5.94683e-09 5.94683e-09
3 -4.6 6.42112e-09 6.42112e-09
3 -4.4 6.91064e-09 6.91064e-09
3 -4.2 7.41323e-09 7.41323e-09
3 -4 7.92644e-09 7.92644e-09
3 -3.8 8.44756e-09 8.44756e-09
3 -3.6 8.97359e-09 8.97359e-09
3 -3.4 9.5013e-09 9.5013e-09
3 -3.2 1.00273e-08 1.00273e-08
3 -3 1.05478e-08 1.05478e-08
3 -2.8 1.10592e-08 1.10592e-08
3 -2.6 1.15576e-08 1.15576e-08
3 -2.4 1.20391e-08 1.20391e-08
3 -2.2 1.24998e-08 1.24998e-08
3 -2 1.29358e-08 1.29358e-08
3 -1.8 1.33434e-08 1.33434e-08
3 -1.6 1.37189e-08 1.37189e-08
3 -1.4 1.4059e-08 1.4059e-08
3 -1.2 1.43606e-08 1.43606e-08
3 -1 1.46209e-08 1.46209e-08
3 -0.8 1.48373e-08 1.48373e-08
3 -0.6 1.50078e-08 1.50078e-08
3 -0.4 1.51308e-08 1.51308e-08
3 -0.2 1.52051e-08 1.52051e-08
3 2.16493e-15 1.523e-08 1.523e-08
3 0.2 1.52051e-08 1.52051e-08
3 0.4 1.51308e-08 1.51308e-08
3 0.6 1.50078e-08 1.50078e-08
3 0.8 1.48373e-08 1.48373e-08
3 1 1.46209e-08 1.46209e-08
3 1.2 1.43606e-08 1.43606e-08
3 1.4 1.4059e-08 1.4059e-08
3 1.6 1.37189e-08 1.37189e-08
3 1.8 1.33434e-08 1.33434e-08
3 2 1.29358e-08 1.29358e-08
3 2.2 1.24998e-08 1.24998e-08
3 2.4 1.20391e-08 1.20391e-08
3 2.6 1.15576e-08 1.15576e-08
3 2.8 1.10592e-08 1.10592e-08
3 3 1.05478e-08 1.05478e-08
3 3.2 1.00273e-08 1.00273e-08
3 3.4 9.5013e-09 9.5013e-09
3 3.6 8.97359e-09 8.97359e-09
3 3.8 8.44756e-09 8.44756e-09
3 4 7.92644e-09 7.92644e-09
3 4.2 7.41323e-09 7.41323e-09
3 4.4 6.91064e-09 6.91064e-09
3 4.6 6.42112e-09 6.42112e-09
3 4.8 5.94683e-09 5.94683e-09
3.2 -5 4.59718e-10 4.59718e-10
3.2 -4.8 4.98006e-10 4.98006e-10
3.2 -4.6 5.37725e-10 5.37725e-10
3.2 -4.4 5.78719e-10 5.78719e-10
3.2 -4.2 6.20808e-10 6.20808e-10
3.2 -4 6.63786e-10 6.63786e-10
3.2 -3.8 7.07426e-10 7.07426e-10
3.2 -3.6 7.51478e-10 7.51478e-10
3.2 -3.4 7.9567e-10 7.9567e-10
3.2 -3.2 8.39714e-10 8.39714e-10
3.2 -3 8.83308e-10 8.83308e-10
3.2 -2.8 9.26136e-10 9.26136e-10
3.2 -2.6 9.67875e-10 9.67875e-10
3.2 -2.4 1.0082e-09 1.0082e-09
3.2 -2.2 1.04678e-09 1.04678e-09
3.2 -2 1.08329e-09 1.08329e-09
3.2 -1.8 1.11742e-09 1.11742e-09
3.2 -1.6 1.14887e-09 1.14887e-09
3.2 -1.4 1.17735e-09 1.17735e-09
3.2 -1.2 1.20261e-09 1.20261e-09
3.2 -1 1.2244e-09 1.2244e-09
3.2 -0.8 1.24252e-09 1.24252e-09
3.2 -0.6 1.2568e-09 1.2568e-09
3.2 -0.4 1.26711e-09 1.26711e-09
3.2 -0.2 1.27333e-09 1.27333e-09
3.2 2.16493e-15 1.27541e-09 1.27541e-09
3.2 0.2 1.27333e-09 1.27333e-09
3.2 0.4 1.26711e-09 1.26711e-09
3.2 0.6 1.2568e-09 1.2568e-09
3.2 0.8 1.24252e-09 1.24252e-09
3.2 1 1.2244e-09 1.2244e-09
3.2 1.2 1.20261e-09 1.20261e-09
3.2 1.4 1.17735e-09 1.17735e-09
3.2 1.6 1.14887e-09 1.14887e-09
3.2 1.8 1.11742e-09 1.11742e-09
3.2 2 1.08329e-09 1.08329e-09
3.2 2.2 1.04678e-09 1.04678e-09
3.2 2.4 1.0082e-09 1.0082e-09
3.2 2.6 9.67875e-10 9.67875e-10
3.2 2.8 9.26136e-10 9.26136e-10
3.2 3 8.83308e-10 8.83308e-10
3.2 3.2 8.39714e-10 8.39714e-10
3.2 3.4 7.9567e-10 7.9567e-10
3.2 3.6 7.51478e-10 7.51478e-10
3.2 3.8 7.07426e-10 7.07426e-10
3.2 4 6.63786e-10 6.63786e-10
3.2 4.2 6.20808e-10 6.20808e-10
3.2 4.4 5.78719e-10 5.78719e-10
3.2 4.6 5.37725e-10 5.37725e-10
3.2 4.8 4.98006e-10 4.98006e-10
3.4 -5 3.28061e-11 3.28061e-11
3.4 -4.8 3.55384e-11 3.55384e-11
3.4 -4.6 3.83728e-11 3.83728e-11
3.4 -4.4 4.12981e-11 4.12981e-11
3.4 -4.2 4.43016e-11 4.43016e-11
3.4 -4 4.73686e-11 4.73686e-11
3.4 -3.8 5.04828e-11 5.04828e-11
3.4 -3.6 5.36264e-11 5.36264e-11
3.4 -3.4 5.678e-11 5.678e-11
3.4 -3.2 5.99231e-11 5.99231e-11
3.4 -3 6.3034e-11 6.3034e-11
3.4 -2.8 6.60902e-11 6.60902e-11
3.4 -2.6 6.90688e-11 6.90688e-11
3.4 -2.4 7.19462e-11 7.19462e-11
3.4 -2.2 7.46993e-11 7.46993e-11
3.4 -2 7.73048e-11 7.73048e-11
3.4 -1.8 7.97404e-11 7.97404e-11
3.4 -1.6 8.19846e-11 8.19846e-11
3.4 -1.4 8.40172e-11 8.40172e-11
3.4 -1.2 8.58194e-11 8.58194e-11
3.4 -1 8.73746e-11 8.73746e-11
3.4 -0.8 8.8668e-11 8.8668e-11
3.4 -0.6 8.96871e-11 8.96871e-11
3.4 -0.4 9.04223e-11 9.04223e-11
3.4 -0.2 9.08662e-11 9.08662e-11
3.4 2.16493e-15 9.10147e-11 9.10147e-11
3.4 0.2 9.08662e-11 9.08662e-11
3.4 0.4 9.04223e-11 9.04223e-11
3.4 0.6 8.96871e-11 8.96871e-11
3.4 0.8 8.8668e-11 8.8668e-11
3.4 1 8.73746e-11 8.73746e-11
3.4 1.2 8.58194e-11 8.58194e-11
3.4 1.4 8.40172e-11 8.40172e-11
3.4 1.6 8.19846e-11 8.19846e-11
3.4 1.8 7.97404e-11 7.97404e-11
3.4 2 7.73048e-11 7.73048e-11
3.4 2.2 7.46993e-11 7.46993e-11
3.4 2.4 7.19462e-11 7.19462e-11
3.4 2.6 6.90688e-11 6.90688e-11
3.4 2.8 6.60902e-11 6.60902e-11
3.4 3 6.3034e-11 6.3034e-11
3.4 3.2 5.99231e-11 5.99231e-11
3.4 3.4 5.678e-11 5.678e-11
3.4 3.6 5.36264e-11 5.36264e-11
3.4 3.8 5.04828e-11 5.04828e-11
3.4 4 4.73686e-11 4.73686e-11
3.4 4.2 4.43016e-11 4.43016e-11
3.4 4.4 4.12981e-11 4.12981e-11
3.4 4.6 3.83728e-11 3.83728e-11
3.4 4.8 3.55384e-11 3.55384e-11
3.6 -5 1.99494e-12 1.99494e-12
3.6 -4.8 2.16109e-12 2.16109e-12
3.6 -4.6 2.33345e-12 2.33345e-12
3.6 -4.4 2.51134e-12 2.51134e-12
3.6 -4.2 2.69398e-12 2.69398e-12
3.6 -4 2.88049e-12 2.88049e-12
3.6 -3.8 3.06986e-12 3.06986e-12
3.6 -3.6 3.26102e-12 3.26102e-12
3.6 -3.4 3.4528e-12 3.4528e-12
3.6 -3.2 3.64393e-12 3.64393e-12
3.6 -3 3.8331e-12 3.8331e-12
3.6 -2.8 4.01895e-12 4.01895e-12
3.6 -2.6 4.20008e-12 4.20008e-12
3.6 -2.4 4.37505e-12 4.37505e-12
3.6 -2.2 4.54247e-12 4.54247e-12
3.6 -2 4.70091e-12 4.70091e-12
3.6 -1.8 4.84902e-12 4.84902e-12
3.6 -1.6 4.98549e-12 4.98549e-12
3.6 -1.4 5.10909e-12 5.10909e-12
3.6 -1.2 5.21869e-12 5.21869e-12
3.6 -1 5.31326e-12 5.31326e-12
3.6 -0.8 5.3919e-12 5.3919e-12
3.6 -0.6 5.45388e-12 5.45388e-12
3.6 -0.4 5.49858e-12 5.49858e-12
3.6 -0.2 5.52558e-12 5.52558e-12
3.6 2.16493e-15 5.53461e-12 5.53461e-12
3.6 0.2 5.52558e-12 5.52558e-12
3.6 0.4 5.49858e-12 5.49858e-12
3.6 0.6 5.45388e-12 5.45388e-12
3.6 0.8 5.3919e-12 5.3919e-12
3.6 1 5.31326e-12 5.31326e-12
3.6 1.2 5.21869e-12 5.21869e-12
3.6 1.4 5.10909e-12 5.10909e-12
3.6 1.6 4.98549e-12 4.98549e-12
3.6 1.8 4.84902e-12 4.84902e-12
3.6 2 4.70091e-12 4.70091e-12
3.6 2.2 4.54247e-12 4.54247e-12
3.6 2.4 4.37505e-12 4.37505e-12
3.6 2.6 4.20008e-12 4.20008e-12
3.6 2.8 4.01895e-12 4.01895e-12
3.6 3 3.8331e-12 3.8331e-12
3.6 3.2 3.64393e-12 3.64393e-12
3.6 3.4 3.4528e-12 3.4528e-12
3.6 3.6 3.26102e-12 3.26102e-12
3.6 3.8 3.06986e-12 3.06986e-12
3.6 4 2.88049e-12 2.88049e-12
3.6 4.2 2.69398e-12 2.69398e-12
3.6 4.4 2.51134e-12 2.51134e-12
3.6 4.6 2.33345e-12 2.33345e-12
3.6 4.8 2.16109e-12 2.16109e-12
3.8 -5 1.03376e-13 1.03376e-13
3.8 -4.8 1.11985e-13 1.11985e-13
3.8 -4.6 1.20917e-13 1.20917e-13
3.8 -4.4 1.30135e-13 1.30135e-13
3.8 -4.2 1.39599e-13 1.39599e-13
3.8 -4 1.49264e-13 1.49264e-13
3.8 -3.8 1.59077e-13 1.59077e-13
3.8 -3.6 1.68983e-13 1.68983e-13
3.8 -3.4 1.7892e-13 1.7892e-13
3.8 -3.2 1.88824e-13 1.88824e-13
3.8 -3 1.98627e-13 1.98627e-13
3.8 -2.8 2.08258e-13 2.08258e-13
3.8 -2.6 2.17643e-13 2.17643e-13
3.8 -2.4 2.26711e-13 2.26711e-13
3.8 -2.2 2.35386e-13 2.35386e-13
3.8 -2 2.43596e-13 2.43596e-13
3.8 -1.8 2.51271e-13 2.51271e-13
3.8 -1.6 2.58343e-13 2.58343e-13
3.8 -1.4 2.64747e-13 2.64747e-13
3.8 -1.2 2.70427e-13 2.70427e-13
3.8 -1 2.75327e-13 2.75327e-13
3.8 -0.8 2.79403e-13 2.79403e-13
3.8 -0.6 2.82614e-13 2.82614e-13
3.8 -0.4 2.84931e-13 2.84931e-13
3.8 -0.2 2.8633e-13 2.8633e-13
3.8 2.16493e-15 2.86798e-13 2.86798e-13
3.8 0.2 2.8633e-13 2.8633e-13
3.8 0.4 2.84931e-13 2.84931e-13
3.8 0.6 2.82614e-13 2.82614e-13
3.8 0.8 2.79403e-13 2.79403e-13
3.8 1 2.75327e-13 2.75327e-13
3.8 1.2 2.70427e-13 2.70427e-13
3.8 1.4 2.64747e-13 2.64747e-13
3.8 1.6 2.58343e-13 2.58343e-13
3.8 1.8 2.51271e-13 2.51271e-13
3.8 2 2.43596e-13 2.43596e-13
3.8 2.2 2.35386e-13 2.35386e-13
3.8 2.4 2.26711e-13 2.26711e-13
3.8 2.6 2.17643e-13 2.17643e-13
3.8 2.8 2.08258e-13 2.08258e-13
3.8 3 1.98627e-13 1.98627e-13
3.8 3.2 1.88824e-13 1.88824e-13
3.8 3.4 1.7892e-13 1.7892e-13
3.8 3.6 1.68983e-13 1.68983e-13
3.8 3.8 1.59077e-13 1.59077e-13
3.8 4 1.49264e-13 1.49264e-13
3.8 4.2 1.39599e-13 1.39599e-13
3.8 4.4 1.30135e-13 1.30135e-13
3.8 4.6 1.20917e-13 1.20917e-13
3.8 4.8 1.11985e-13 1.11985e-13
4 -5 4.56477e-15 4.56477e-15
4 -4.8 4.94496e-15 4.94496e-15
4 -4.6 5.33934e-15 5.33934e-15
4 -4.4 5.74639e-15 5.74639e-15
4 -4.2 6.16431e-15 6.16431e-15
4 -4 6.59107e-15 6.59107e-15
4 -3.8 7.02439e-15 7.02439e-15
4 -3.6 7.4618e-15 7.4618e-15
4 -3.4 7.90061e-15 7.90061e-15
4 -3.2 8.33795e-15 8.33795e-15
4 -3 8.77081e-15 8.77081e-15
4 -2.8 9.19607e-15 9.19607e-15
4 -2.6 9.61052e-15 9.61052e-15
4 -2.4 1.00109e-14 1.00109e-14
4 -2.2 1.0394e-14 1.0394e-14
4 -2 1.07565e-14 1.07565e-14
4 -1.8 1.10954e-14 1.10954e-14
4 -1.6 1.14077e-14 1.14077e-14
4 -1.4 1.16905e-14 1.16905e-14
4 -1.2 1.19413e-14 1.19413e-14
4 -1 1.21577e-14 1.21577e-14
4 -0.8 1.23376e-14 1.23376e-14
4 -0.6 1.24794e-14 1.24794e-14
4 -0.4 1.25817e-14 1.25817e-14
4 -0.2 1.26435e-14 1.26435e-14
4 2.16493e-15 1.26642e-14 1.26642e-14
4 0.2 1.26435e-14 1.26435e-14
4 0.4 1.25817e-14 1.25817e-14
4 0.6 1.24794e-14 1.24794e-14
4 0.8 1.23376e-14 1.23376e-14
4 1 1.21577e-14 1.21577e-14
4 1.2 1.19413e-14 1.19413e-14
4 1.4 1.16905e-14 1.16905e-14
4 1.6 1.14077e-14 1.14077e-14
4 1.8 1.10954e-14 1.10954e-14
4 2 1.07565e-14 1.07565e-14
4 2.2 1.0394e-14 1.0394e-14
4 2.4 1.00109e-14 1.00109e-14
4 2.6 9.61052e-15 9.61052e-15
4 2.8 9.19607e-15 9.19607e-15
4 3 8.77081e-15 8.77081e-15
4 3.2 8.33795e-15 8.33795e-15
4 3.4 7.90061e-15 7.90061e-15
4 3.6 7.4618e-15 7.4618e-15
4 3.8 7.02439e-15 7.02439e-15
4 4 6.59107e-15 6.59107e-15
4 4.2 6.16431e-15 6.16431e-15
4 4.4 5.74639e-15 5.74639e-15
4 4.6 5.33934e-15 5.33934e-15
4 4.8 4.94496e-15 4.94496e-15
4.2 -5 1.71764e-16 1.71764e-16
4.2 -4.8 1.8607e-16 1.8607e-16
4.2 -4.6 2.0091e-16 2.0091e-16
4.2 -4.4 2.16227e-16 2.16227e-16
4.2 -4.2 2.31952e-16 2.31952e-16
4.2 -4 2.4801e-16 2.4801e-16
4.2 -3.8 2.64316e-16 2.64316e-16
4.2 -3.6 2.80775e-16 2.80775e-16
4.2 -3.4 2.97286e-16 2.97286e-16
4.2 -3.2 3.13742e-16 3.13742e-16
4.2 -3 3.3003e-16 3.3003e-16
4.2 -2.8 3.46032e-16 3.46032e-16
4.2 -2.6 3.61627e-16 3.61627e-16
4.2 -2.4 3.76693e-16 3.76693e-16
4.2 -2.2 3.91107e-16 3.91107e-16
4.2 -2 4.04749e-16 4.04749e-16
4.2 -1.8 4.17501e-16 4.17501e-16
4.2 -1.6 4.29251e-16 4.29251e-16
4.2 -1.4 4.39893e-16 4.39893e-16
4.2 -1.2 4.49329e-16 4.49329e-16
4.2 -1 4.57472e-16 4.57472e-16
4.2 -0.8 4.64244e-16 4.64244e-16
4.2 -0.6 4.6958e-16 4.6958e-16
4.2 -0.4 4.73429e-16 4.73429e-16
4.2 -0.2 4.75753e-16 4.75753e-16
4.2 2.16493e-15 4.7653e-16 4.7653e-16
4.2 0.2 4.75753e-16 4.75753e-16
4.2 0.4 4.73429e-16 4.73429e-16
4.2 0.6 4.6958e-16 4.6958e-16
4.2 0.8 4.64244e-16 4.64244e-16
4.2 1 4.57472e-16 4.57472e-16
4.2 1.2 4.49329e-16 4.49329e-16
4.2 1.4 4.39893e-16 4.39893e-16
4.2 1.6 4.29251e-16 4.29251e-16
4.2 1.8 4.17501e-16 4.17501e-16
4.2 2 4.04749e-16 4.04749e-16
4.2 2.2 3.91107e-16 3.91107e-16
4.2 2.4 3.76693e-16 3.76693e-16
4.2 2.6 3.61627e-16 3.61627e-16
4.2 2.8 3.46032e-16 3.46032e-16
4.2 3 3.3003e-16 3.3003e-16
4.2 3.2 3.13742e-16 3.13742e-16
4.2 3.4 2.97286e-16 2.97286e-16
4.2 3.6 2.80775e-16 2.80775e-16
4.2 3.8 2.64316e-16 2.64316e-16
4.2 4 2.4801e-16 2.4801e-16
4.2 4.2 2.31952e-16 2.31952e-16
4.2 4.4 2.16227e-16 2.16227e-16
4.2 4.6 2.0091e-16 2.0091e-16
4.2 4.8 1.8607e-16 1.8607e-16
4.4 -5 5.50757e-18 5.50757e-18
4.4 -4.8 5.96628e-18 5.96628e-18
4.4 -4.6 6.44212e-18 6.44212e-18
4.4 -4.4 6.93324e-18 6.93324e-18
4.4 -4.2 7.43748e-18 7.43748e-18
4.4 -4 7.95237e-18 7.95237e-18
4.4 -3.8 8.4752e-18 8.4752e-18
4.4 -3.6 9.00295e-18 9.00295e-18
4.4 -3.4 9.53238e-18 9.53238e-18
4.4 -3.2 1.00601e-17 1.00601e-17
4.4 -3 1.05823e-17 1.05823e-17
4.4 -2.8 1.10954e-17 1.10954e-17
4.4 -2.6 1.15955e-17 1.15955e-17
4.4 -2.4 1.20785e-17 1.20785e-17
4.4 -2.2 1.25407e-17 1.25407e-17
4.4 -2 1.29781e-17 1.29781e-17
4.4 -1.8 1.3387e-17 1.3387e-17
4.4 -1.6 1.37638e-17 1.37638e-17
4.4 -1.4 1.4105e-17 1.4105e-17
4.4 -1.2 1.44076e-17 1.44076e-17
4.4 -1 1.46687e-17 1.46687e-17
4.4 -0.8 1.48858e-17 1.48858e-17
4.4 -0.6 1.50569e-17 1.50569e-17
4.4 -0.4 1.51803e-17 1.51803e-17
4.4 -0.2 1.52549e-17 1.52549e-17
4.4 2.16493e-15 1.52798e-17 1.52798e-17
4.4 0.2 1.52549e-17 1.52549e-17
4.4 0.4 1.51803e-17 1.51803e-17
4.4 0.6 1.50569e-17 1.50569e-17
4.4 0.8 1.48858e-17 1.48858e-17
4.4 1 1.46687e-17 1.46687e-17
4.4 1.2 1.44076e-17 1.44076e-17
4.4 1.4 1.4105e-17 1.4105e-17
4.4 1.6 1.37638e-17 1.37638e-17
4.4 1.8 1.3387e-17 1.3387e-17
4.4 2 1.29781e-17 1.29781e-17
4.4 2.2 1.25407e-17 1.25407e-17
4.4 2.4 1.20785e-17 1.20785e-17
4.4 2.6 1.15955e-17 1.15955e-17
4.4 2.8 1.10954e-17 1.10954e-17
4.4 3 1.05823e-17 1.05823e-17
4.4 3.2 1.00601e-17 1.00601e-17
4.4 3.4 9.53238e-18 9.53238e-18
4.4 3.6 9.00295e-18 9.00295e-18
4.4 3.8 8.4752e-18 8.4752e-18
4.4 4 7.95237e-18 7.95237e-18
4.4 4.2 7.43748e-18 7.43748e-18
4.4 4.4 6.93324e-18 6.93324e-18
4.4 4.6 6.44212e-18 6.44212e-18
4.4 4.8 5.96628e-18 5.96628e-18
4.6 -5 1.50487e-19 1.50487e-19
4.6 -4.8 1.63021e-19 1.63021e-19
4.6 -4.6 1.76023e-19 1.76023e-19
4.6 -4.4 1.89442e-19 1.89442e-19
4.6 -4.2 2.0322e-19 2.0322e-19
4.6 -4 2.17288e-19 2.17288e-19
4.6 -3.8 2.31574e-19 2.31574e-19
4.6 -3.6 2.45994e-19 2.45994e-19
4.6 -3.4 2.6046e-19 2.6046e-19
4.6 -3.2 2.74878e-19 2.74878e-19
4.6 -3 2.89148e-19 2.89148e-19
4.6 -2.8 3.03168e-19 3.03168e-19
4.6 -2.6 3.16831e-19 3.16831e-19
4.6 -2.4 3.3003e-19 3.3003e-19
4.6 -2.2 3.42659e-19 3.42659e-19
4.6 -2 3.54611e-19 3.54611e-19
4.6 -1.8 3.65784e-19 3.65784e-19
4.6 -1.6 3.76078e-19 3.76078e-19
4.6 -1.4 3.85402e-19 3.85402e-19
4.6 -1.2 3.93669e-19 3.93669e-19
4.6 -1 4.00803e-19 4.00803e-19
4.6 -0.8 4.06736e-19 4.06736e-19
4.6 -0.6 4.11411e-19 4.11411e-19
4.6 -0.4 4.14783e-19 4.14783e-19
4.6 -0.2 4.1682e-19 4.1682e-19
4.6 2.16493e-15 4.17501e-19 4.17501e-19
4.6 0.2 4.1682e-19 4.1682e-19
4.6 0.4 4.14783e-19 4.14783e-19
4.6 0.6 4.11411e-19 4.11411e-19
4.6 0.8 4.06736e-19 4.06736e-19
4.6 1 4.00803e-19 4.00803e-19
4.6 1.2 3.93669e-19 3.93669e-19
4.6 1.4 3.85402e-19 3.85402e-19
4.6 1.6 3.76078e-19 3.76078e-19
4.6 1.8 3.65784e-19 3.65784e-19
4.6 2 3.54611e-19 3.54611e-19
4.6 2.2 3.42659e-19 3.42659e-19
4.6 2.4 3.3003e-19 3.3003e-19
4.6 2.6 3.16831e-19 3.16831e-19
4.6 2.8 3.03168e-19 3.03168e-19
4.6 3 2.89148e-19 2.89148e-19
4.6 3.2 2.74878e-19 2.74878e-19
4.6 3.4 2.6046e-19 2.6046e-19
4.6 3.6 2.45994e-19 2.45994e-19
4.6 3.8 2.31574e-19 2.31574e-19
4.6 4 2.17288e-19 2.17288e-19
4.6 4.2 2.0322e-19 2.0322e-19
4.6 4.4 1.89442e-19 1.89442e-19
4.6 4.6 1.76023e-19 1.76023e-19
4.6 4.8 1.63021e-19 1.63021e-19
4.8 -5 3.50391e-21 3.50391e-21
4.8 -4.8 3.79574e-21 3.79574e-21
4.8 -4.6 4.09847e-21 4.09847e-21
4.8 -4.4 4.41092e-21 4.41092e-21
4.8 -4.2 4.73171e-21 4.73171e-21
4.8 -4 5.05929e-21 5.05929e-21
4.8 -3.8 5.39191e-21 5.39191e-21
4.8 -3.6 5.72766e-21 5.72766e-21
4.8 -3.4 6.06449e-21 6.06449e-21
4.8 -3.2 6.40019e-21 6.40019e-21
4.8 -3 6.73246e-21 6.73246e-21
4.8 -2.8 7.05888e-21 7.05888e-21
4.8 -2.6 7.37701e-21 7.37701e-21
4.8 -2.4 7.68434e-21 7.68434e-21
4.8 -2.2 7.97838e-21 7.97838e-21
4.8 -2 8.25667e-21 8.25667e-21
4.8 -1.8 8.51681e-21 8.51681e-21
4.8 -1.6 8.75651e-21 8.75651e-21
4.8 -1.4 8.9736e-21 8.9736e-21
4.8 -1.2 9.1661e-21 9.1661e-21
4.8 -1 9.3322e-21 9.3322e-21
4.8 -0.8 9.47034e-21 9.47034e-21
4.8 -0.6 9.57919e-21 9.57919e-21
4.8 -0.4 9.65771e-21 9.65771e-21
4.8 -0.2 9.70513e-21 9.70513e-21
4.8 2.16493e-15 9.72099e-21 9.72099e-21
4.8 0.2 9.70513e-21 9.70513e-21
4.8 0.4 9.65771e-21 9.65771e-21
4.8 0.6 9.57919e-21 9.57919e-21
4.8 0.8 9.47034e-21 9.47034e-21
4.8 1 9.3322e-21 9.3322e-21
4.8 1.2 9.1661e-21 9.1661e-21
4.8 1.4 8.9736e-21 8.9736e-21
4.8 1.6 8.75651e-21 8.75651e-21
4.8 1.8 8.51681e-21 8.51681e-21
4.8 2 8.25667e-21 8.25667e-21
4.8 2.2 7.97838e-21 7.97838e-21
4.8 2.4 7.68434e-21 7.68434e-21
4.8 2.6 7.37701e-21 7.37701e-21
4.8 2.8 7.05888e-21 7.05888e-21
4.8 3 6.73246e-21 6.73246e-21
4.8 3.2 6.40019e-21 6.40019e-21
4.8 3.4 6.06449e-21 6.06449e-21
4.8 3.6 5.72766e-21 5.72766e-21
4.8 3.8 5.39191e-21 5.39191e-21
4.8 4 5.05929e-21 5.05929e-21
4.8 4.2 4.73171e-21 4.73171e-21
4.8 4.4 4.41092e-21 4.41092e-21
4.8 4.6 4.09847e-21 4.09847e-21
4.8 4.8 3.79574e-21 3.79574e-21

