-6 -3 -0.626002
-6 -2.5 -0.473858
-6 -2 -0.142197
-6 -1.5 0.307456
-6 -1 0.78362
-6 -0.5 1.16133
-6 0 1.31366
-6 0.5 1.17739
-6 1 0.800515
-6 1.5 0.322772
-6 2 -0.0997236
-6 2.5 -0.367857
-5.5 -3 -0.37299
-5.5 -2.5 -0.167166
-5.5 -2 0.211528
-5.5 -1.5 0.688514
-5.5 -1 1.1784
-5.5 -0.5 1.56848
-5.5 0 1.73471
-5.5 0.5 1.60484
-5.5 1 1.21569
-5.5 1.5 0.702884
-5.5 2 0.226692
-5.5 2.5 -0.105402
-5 -3 -0.116785
-5 -2.5 0.128411
-5 -2 0.528625
-5 -1.5 1.00025
-5 -1 1.46778
-5 -0.5 1.83718
-5 0 1.99645
-5 0.5 1.87175
-5 1 1.48907
-5 1.5 0.972801
-5 2 0.477258
-5 2.5 0.110443
-4.5 -3 -0.0182844
-4.5 -2.5 0.237403
-4.5 -2 0.634846
-4.5 -1.5 1.0869
-4.5 -1 1.52369
-4.5 -0.5 1.86391
-4.5 0 2.00801
-4.5 0.5 1.88703
-4.5 1 1.52216
-4.5 1.5 1.0272
-4.5 2 0.546373
-4.5 2.5 0.182567
-4 -3 -0.181175
-4 -2.5 0.054407
-4 -2 0.435255
-4 -1.5 0.8755
-4 -1 1.30069
-4 -0.5 1.62706
-4 0 1.75985
-4 0.5 1.63874
-4 1 1.28989
-4 1.5 0.824781
-4 2 0.380774
-4 2.5 0.0540809
-3.5 -3 -0.589503
-3.5 -2.5 -0.390829
-3.5 -2 -0.0252943
-3.5 -1.5 0.42472
-3.5 -1 0.869324
-3.5 -0.5 1.20598
-3.5 0 1.33421
-3.5 0.5 1.2034
-3.5 1 0.854509
-3.5 1.5 0.408707
-3.5 2 0.0048646
-3.5 2.5 -0.265186
-3 -3 -1.12051
-3 -2.5 -0.956298
-3 -2 -0.594522
-3 -1.5 -0.114558
-3 -1 0.37209
-3 -0.5 0.734846
-3 0 0.860397
-3 0.5 0.706925
-3 1 0.336138
-3 1.5 -0.111722
-3 2 -0.487756
-3 2.5 -0.700245
-2.5 -3 -1.61207
-2.5 -2.5 -1.46882
-2.5 -2 -1.10093
-2.5 -1.5 -0.58619
-2.5 -1 -0.0561775
-2.5 -0.5 0.332269
-2.5 0 0.45262
-2.5 0.5 0.269795
-2.5 1 -0.135144
-2.5 1.5 -0.601634
-2.5 2 -0.96726
-2.5 2.5 -1.13656
-2 -3 -1.92911
-2 -2.5 -1.79435
-2 -2 -1.42106
-2 -1.5 -0.886025
-2 -1 -0.33234
-2 -0.5 0.0683978
-2 0 0.182529
-2 0.5 -0.0213512
-2 1 -0.451997
-2 1.5 -0.937481
-2 2 -1.3058
-2 2.5 -1.45575
-1.5 -3 -1.99679
-1.5 -2.5 -1.86336
-1.5 -2 -1.49346
-1.5 -1.5 -0.962812
-1.5 -1 -0.414476
-1.5 -0.5 -0.0188422
-1.5 0 0.0928694
-1.5 0.5 -0.110348
-1.5 1 -0.540921
-1.5 1.5 -1.03153
-1.5 2 -1.41028
-1.5 2.5 -1.57008
-1 -3 -1.80737
-1 -2.5 -1.66918
-1 -2 -1.30882
-1 -1.5 -0.801669
-1 -1 -0.281654
-1 -0.5 0.0958715
-1 0 0.211247
-1 0.5 0.0316402
-1 1 -0.3718
-1 1.5 -0.852404
-1 2 -1.24919
-1 2.5 -1.45014
-0.5 -3 -1.41717
-0.5 -2.5 -1.26537
-0.5 -2 -0.910324
-0.5 -1.5 -0.429492
-0.5 -1 0.0554362
-0.5 -0.5 0.410689
-0.5 0 0.533302
-0.5 0.5 0.388246
-0.5 1 0.0238853
-0.5 1.5 -0.442822
-0.5 2 -0.868719
-0.5 2.5 -1.13809
0 -3 -0.933144
0 -2.5 -0.759488
0 -2 -0.398175
0 -1.5 0.0683404
0 -1 0.527668
0 -0.5 0.865465
0 0 0.994685
0 0.5 0.878959
0 1 0.545658
0 1.5 0.0832371
0 2 -0.383241
0 2.5 -0.73532
0.5 -3 -0.481279
0.5 -2.5 -0.285675
0.5 -2 0.0902308
0.5 -1.5 0.557991
0.5 -1 1.0089
0.5 -0.5 1.3398
0.5 0 1.47347
0.5 0.5 1.37274
0.5 1 1.05134
0.5 1.5 0.578675
0.5 2 0.0673583
0.5 2.5 -0.362065
1 -3 -0.162465
1 -2.5 0.0431467
1 -2 0.429874
1 -1.5 0.905767
1 -1 1.36168
1 -0.5 1.69644
1 0 1.83444
1 0.5 1.73687
1 1 1.41197
1 1.5 0.922076
1 2 0.375171
1 2.5 -0.106829
1.5 -3 -0.0180926
1.5 -2.5 0.177547
1.5 -2 0.558625
1.5 -1.5 1.03507
1.5 -1 1.49723
1.5 -0.5 1.8406
1.5 0 1.985
1.5 0.5 1.88854
1.5 1 1.55925
1.5 1.5 1.06086
1.5 2 0.502158
1.5 2.5 0.00469853
2 -3 -0.0249017
2 -2.5 0.141543
2 -2 0.494523
2 -1.5 0.951913
2 -1 1.40738
2 -0.5 1.75381
2 0 1.90547
2 0.5 1.817
2 1 1.4977
2 1.5 1.01478
2 2 0.477905
2 2.5 0.00460441
2.5 -3 -0.118997
2.5 -2.5 0.00712653
2.5 -2 0.312207
2.5 -1.5 0.726552
2.5 -1 1.15285
2.5 -0.5 1.48701
2.5 0 1.64203
2.5 0.5 1.57107
2.5 1 1.28372
2.5 1.5 0.847214
2.5 2 0.367022
2.5 2.5 -0.0487682
