-5 1 1
-4 1 1
-4 2 1
-5 2 1
-4.5 1.5 0
0 -6 2
2 -6 2
1 -6 2
0 -5 2
1 -5 2
0.8 -5.6 0
-1 -5 3
-2 -6 3
-2 -5 3
-1 -6 3
-1.5 -5.5 0
2 -1 4
2 -2 4
2 -1.5 0
-5 0 5
-4 0 5
-4.5 0 0
-4 -6 6
-3 -5 6
-4 -5 6
-3 -6 6
-3.5 -5.5 0
-3 1 7
-2 1 7
-3 0 7
-3 2 7
-2.75 1 0
1 -1 8
0 -2 8
0 -1 8
1 -2 8
0.5 -1.5 0
1 2 9
1 1 9
0 2 9
0.666667 1.66667 0
2 0 10
2 1 10
2 0.5 0
-6 1 11
-6 2 11
-6 1.5 0
-3 -1 12
-4 -1 12
-3.5 -1 0
1 0 13
0 0 13
0.5 0 0
-3 -2 14
-2 -2 14
-2 -3 14
-3 -3 14
-2.5 -2.5 0
-6 -1 15
-6 -2 15
-6 -1.5 0
-1 -4 16
-2 -4 16
0 -4 16
0 -3 16
-1 -3 16
-0.8 -3.6 0
-2 -1 17
-2 0 17
-2 -0.5 0
-5 -2 18
-4 -2 18
-4.5 -2 0
-1 2 19
-1 1 19
-2 2 19
-1.33333 1.66667 0
1 -4 20
2 -5 20
2 -3 20
1 -3 20
2 -4 20
1.6 -3.8 0
-4 -3 21
-4 -4 21
-3 -4 21
-3.66667 -3.66667 0
0 1 22
0 1 0
-5 -5 23
-6 -4 23
-5 -4 23
-6 -5 23
-5.5 -4.5 0
-6 0 24
-6 0 0
-6 -6 25
-6 -6 0
-5 -3 26
-6 -3 26
-5.5 -3 0
-5 -1 27
-5 -1 0
-5 -6 28
-5 -6 0
-1 -1 29
-1 -2 29
-1 0 29
-1 -1 0
2 2 30
2 2 0

-5 1 1
-4 1 1
-4 2 1
-5 2 1
0 -6 2
2 -6 2
1 -6 2
0 -5 2
1 -5 2
-1 -5 3
-2 -6 3
-2 -5 3
-1 -6 3
2 -1 4
2 -2 4
-5 0 5
-4 0 5
-4 -6 6
-3 -5 6
-4 -5 6
-3 -6 6
-3 1 7
-2 1 7
-3 0 7
-3 2 7
1 -1 8
0 -2 8
0 -1 8
1 -2 8
1 2 9
1 1 9
0 2 9
2 0 10
2 1 10
-6 1 11
-6 2 11
-3 -1 12
-4 -1 12
1 0 13
0 0 13
-3 -2 14
-2 -2 14
-2 -3 14
-3 -3 14
-6 -1 15
-6 -2 15
-1 -4 16
-2 -4 16
0 -4 16
0 -3 16
-1 -3 16
-2 -1 17
-2 0 17
-5 -2 18
-4 -2 18
-1 2 19
-1 1 19
-2 2 19
1 -4 20
2 -5 20
2 -3 20
1 -3 20
2 -4 20
-4 -3 21
-4 -4 21
-3 -4 21
0 1 22
-5 -5 23
-6 -4 23
-5 -4 23
-6 -5 23
-6 0 24
-6 -6 25
-5 -3 26
-6 -3 26
-5 -1 27
-5 -6 28
-1 -1 29
-1 -2 29
-1 0 29
2 2 30
-4.5 1.5 0
0.8 -5.6 0
-1.5 -5.5 0
2 -1.5 0
-4.5 0 0
-3.5 -5.5 0
-2.75 1 0
0.5 -1.5 0
0.666667 1.66667 0
2 0.5 0
-6 1.5 0
-3.5 -1 0
0.5 0 0
-2.4 -2.4 0
-6 -1.5 0
-0.8 -3.6 0
-2 -0.5 0
-4.5 -2 0
-1.33333 1.66667 0
1.6 -3.8 0
-3.66667 -3.66667 0
0 1 0
-5.5 -4.5 0
-6 0 0
-6 -6 0
-5.5 -3 0
-5 -1 0
-5 -6 0
-1 -1 0
2 2 0

-5 1 1
-4 1 1
-4 2 1
-5 2 1
0 -6 2
2 -6 2
1 -6 2
0 -5 2
1 -5 2
-1 -5 3
-2 -6 3
-2 -5 3
-1 -6 3
2 -1 4
2 -2 4
-5 0 5
-4 0 5
-4 -6 6
-3 -5 6
-4 -5 6
-3 -6 6
-3 1 7
-2 1 7
-3 0 7
-3 2 7
1 -1 8
0 -2 8
0 -1 8
1 -2 8
1 2 9
1 1 9
0 2 9
2 0 10
2 1 10
-6 1 11
-6 2 11
-3 -1 12
-4 -1 12
1 0 13
0 0 13
-3 -2 14
-2 -2 14
-2 -3 14
-3 -3 14
-6 -1 15
-6 -2 15
-1 -4 16
-2 -4 16
0 -4 16
0 -3 16
-1 -3 16
-2 -1 17
-2 0 17
-5 -2 18
-4 -2 18
-1 2 19
-1 1 19
-2 2 19
1 -4 20
2 -5 20
2 -3 20
1 -3 20
2 -4 20
-4 -3 21
-4 -4 21
-3 -4 21
0 1 22
-5 -5 23
-6 -4 23
-5 -4 23
-6 -5 23
-6 0 24
-6 -6 25
-5 -3 26
-6 -3 26
-5 -1 27
-5 -6 28
-1 -1 29
-1 -2 29
-1 0 29
2 2 30
-4.5 1.5 0
0.8 -5.6 0
-1.5 -5.5 0
2 -1.5 0
-4.5 0 0
-3.5 -5.5 0
-2.75 1 0
0.5 -1.5 0
0.666667 1.66667 0
2 0.5 0
-6 1.5 0
-3.5 -1 0
0.5 0 0
-2.4 -2.4 0
-6 -1.5 0
-0.8 -3.6 0
-2 -0.5 0
-4.5 -2 0
-1.33333 1.66667 0
1.6 -3.8 0
-3.66667 -3.66667 0
0 1 0
-5.6 -4.4 0
-6 0 0
-6 -6 0
-5.5 -3 0
-5 -1 0
-5 -6 0
-1 -1 0
2 2 0

-5 1 1
-4 1 1
-4 2 1
-5 2 1
0 -6 2
2 -6 2
1 -6 2
0 -5 2
1 -5 2
-1 -5 3
-2 -6 3
-2 -5 3
-1 -6 3
2 -1 4
2 -2 4
-5 0 5
-4 0 5
-4 -6 6
-3 -5 6
-4 -5 6
-3 -6 6
-3 1 7
-2 1 7
-3 0 7
-3 2 7
1 -1 8
0 -2 8
0 -1 8
1 -2 8
1 2 9
1 1 9
0 2 9
2 0 10
2 1 10
-6 1 11
-6 2 11
-3 -1 12
-4 -1 12
1 0 13
0 0 13
-3 -2 14
-2 -2 14
-2 -3 14
-3 -3 14
-6 -1 15
-6 -2 15
-1 -4 16
-2 -4 16
0 -4 16
0 -3 16
-1 -3 16
-2 -1 17
-2 0 17
-5 -2 18
-4 -2 18
-1 2 19
-1 1 19
-2 2 19
1 -4 20
2 -5 20
2 -3 20
1 -3 20
2 -4 20
-4 -3 21
-4 -4 21
-3 -4 21
0 1 22
-5 -5 23
-6 -4 23
-5 -4 23
-6 -5 23
-6 0 24
-6 -6 25
-5 -3 26
-6 -3 26
-5 -1 27
-5 -6 28
-1 -1 29
-1 -2 29
-1 0 29
2 2 30
-4.5 1.5 0
0.8 -5.6 0
-1.5 -5.5 0
2 -1.5 0
-4.5 0 0
-3.5 -5.5 0
-2.75 1 0
0.5 -1.5 0
0.666667 1.66667 0
2 0.5 0
-6 1.5 0
-3.5 -1 0
0.5 0 0
-2.4 -2.4 0
-6 -1.5 0
-0.8 -3.6 0
-2 -0.5 0
-4.5 -2 0
-1.33333 1.66667 0
1.6 -3.8 0
-3.66667 -3.66667 0
0 1 0
-5.6 -4.4 0
-6 0 0
-6 -6 0
-5.5 -3 0
-5 -1 0
-5 -6 0
-1 -1.2 0
2 2 0

-5 1 1
-4 1 1
-4 2 1
-5 2 1
0 -6 2
2 -6 2
1 -6 2
0 -5 2
1 -5 2
-1 -5 3
-2 -6 3
-2 -5 3
-1 -6 3
2 -1 4
2 -2 4
-5 0 5
-4 0 5
-4 -6 6
-3 -5 6
-4 -5 6
-3 -6 6
-3 1 7
-2 1 7
-3 0 7
-3 2 7
1 -1 8
0 -2 8
0 -1 8
1 -2 8
1 2 9
1 1 9
0 2 9
2 0 10
2 1 10
-6 1 11
-6 2 11
-3 -1 12
-4 -1 12
1 0 13
0 0 13
-3 -2 14
-2 -2 14
-2 -3 14
-3 -3 14
-6 -1 15
-6 -2 15
-1 -4 16
-2 -4 16
0 -4 16
0 -3 16
-1 -3 16
-2 -1 17
-2 0 17
-5 -2 18
-4 -2 18
-1 2 19
-1 1 19
-2 2 19
1 -4 20
2 -5 20
2 -3 20
1 -3 20
2 -4 20
-4 -3 21
-4 -4 21
-3 -4 21
0 1 22
-5 -5 23
-6 -4 23
-5 -4 23
-6 -5 23
-6 0 24
-6 -6 25
-5 -3 26
-6 -3 26
-5 -1 27
-5 -6 28
-1 -1 29
-1 -2 29
-1 0 29
2 2 30
-4.5 1.5 0
0.8 -5.6 0
-1.5 -5.5 0
2 -1.5 0
-4.5 0 0
-3.5 -5.5 0
-2.75 1 0
0.5 -1.5 0
0.666667 1.66667 0
2 0.5 0
-6 1.5 0
-3.5 -1 0
0.5 0 0
-2.4 -2.4 0
-6 -1.5 0
-0.8 -3.6 0
-2 -0.5 0
-4.5 -2 0
-1.33333 1.66667 0
1.6 -3.8 0
-3.73333 -3.73333 0
0 1 0
-5.6 -4.4 0
-6 0 0
-6 -6 0
-5.5 -3 0
-5 -1 0
-5 -6 0
-1 -1.2 0
2 2 0

-5 1 1
-4 1 1
-4 2 1
-5 2 1
0 -6 2
2 -6 2
1 -6 2
0 -5 2
1 -5 2
-1 -5 3
-2 -6 3
-2 -5 3
-1 -6 3
2 -1 4
2 -2 4
-5 0 5
-4 0 5
-4 -6 6
-3 -5 6
-4 -5 6
-3 -6 6
-3 1 7
-2 1 7
-3 0 7
-3 2 7
1 -1 8
0 -2 8
0 -1 8
1 -2 8
1 2 9
1 1 9
0 2 9
2 0 10
2 1 10
-6 1 11
-6 2 11
-3 -1 12
-4 -1 12
1 0 13
0 0 13
-3 -2 14
-2 -2 14
-2 -3 14
-3 -3 14
-6 -1 15
-6 -2 15
-1 -4 16
-2 -4 16
0 -4 16
0 -3 16
-1 -3 16
-2 -1 17
-2 0 17
-5 -2 18
-4 -2 18
-1 2 19
-1 1 19
-2 2 19
1 -4 20
2 -5 20
2 -3 20
1 -3 20
2 -4 20
-4 -3 21
-4 -4 21
-3 -4 21
0 1 22
-5 -5 23
-6 -4 23
-5 -4 23
-6 -5 23
-6 0 24
-6 -6 25
-5 -3 26
-6 -3 26
-5 -1 27
-5 -6 28
-1 -1 29
-1 -2 29
-1 0 29
2 2 30
-4.5 1.5 0
0.8 -5.6 0
-1.6 -5.6 0
2 -1.5 0
-4.5 0 0
-3.5 -5.5 0
-2.75 1 0
0.5 -1.5 0
0.666667 1.66667 0
2 0.5 0
-6 1.5 0
-3.5 -1 0
0.5 0 0
-2.4 -2.4 0
-6 -1.5 0
-0.8 -3.6 0
-2 -0.5 0
-4.5 -2 0
-1.33333 1.66667 0
1.6 -3.8 0
-3.73333 -3.73333 0
0 1 0
-5.6 -4.4 0
-6 0 0
-6 -6 0
-5.5 -3 0
-5 -1 0
-5 -6 0
-1 -1.2 0
2 2 0

-5 1 1
-4 1 1
-4 2 1
-5 2 1
0 -6 2
2 -6 2
1 -6 2
0 -5 2
1 -5 2
-1 -5 3
-2 -6 3
-2 -5 3
-1 -6 3
2 -1 4
2 -2 4
-5 0 5
-4 0 5
-4 -6 6
-3 -5 6
-4 -5 6
-3 -6 6
-3 1 7
-2 1 7
-3 0 7
-3 2 7
1 -1 8
0 -2 8
0 -1 8
1 -2 8
1 2 9
1 1 9
0 2 9
2 0 10
2 1 10
-6 1 11
-6 2 11
-3 -1 12
-4 -1 12
1 0 13
0 0 13
-3 -2 14
-2 -2 14
-2 -3 14
-3 -3 14
-6 -1 15
-6 -2 15
-1 -4 16
-2 -4 16
0 -4 16
0 -3 16
-1 -3 16
-2 -1 17
-2 0 17
-5 -2 18
-4 -2 18
-1 2 19
-1 1 19
-2 2 19
1 -4 20
2 -5 20
2 -3 20
1 -3 20
2 -4 20
-4 -3 21
-4 -4 21
-3 -4 21
0 1 22
-5 -5 23
-6 -4 23
-5 -4 23
-6 -5 23
-6 0 24
-6 -6 25
-5 -3 26
-6 -3 26
-5 -1 27
-5 -6 28
-1 -1 29
-1 -2 29
-1 0 29
2 2 30
-4.5 1.5 0
0.8 -5.6 0
-1.6 -5.6 0
2 -1.5 0
-4.5 0 0
-3.5 -5.5 0
-2.75 1 0
0.5 -1.5 0
0.666667 1.66667 0
2 0.5 0
-6 1.5 0
-3.5 -1 0
0.5 0 0
-2.4 -2.4 0
-6 -1.5 0
-0.8 -3.6 0
-2 -0.5 0
-4.5 -2 0
-1.33333 1.66667 0
1.6 -3.8 0
-3.73333 -3.73333 0
0 1 0
-5.6 -4.4 0
-6 0 0
-6 -6 0
-5.5 -3 0
-5 -1 0
-5 -6 0
-1 -1.2 0
2 2 0

-5 1 1
-4 1 1
-4 2 1
-5 2 1
0 -6 2
2 -6 2
1 -6 2
0 -5 2
1 -5 2
-1 -5 3
-2 -6 3
-2 -5 3
-1 -6 3
2 -1 4
2 -2 4
-5 0 5
-4 0 5
-4 -6 6
-3 -5 6
-4 -5 6
-3 -6 6
-3 1 7
-2 1 7
-3 0 7
-3 2 7
1 -1 8
0 -2 8
0 -1 8
1 -2 8
1 2 9
1 1 9
0 2 9
2 0 10
2 1 10
-6 1 11
-6 2 11
-3 -1 12
-4 -1 12
1 0 13
0 0 13
-3 -2 14
-2 -2 14
-2 -3 14
-3 -3 14
-6 -1 15
-6 -2 15
-1 -4 16
-2 -4 16
0 -4 16
0 -3 16
-1 -3 16
-2 -1 17
-2 0 17
-5 -2 18
-4 -2 18
-1 2 19
-1 1 19
-2 2 19
1 -4 20
2 -5 20
2 -3 20
1 -3 20
2 -4 20
-4 -3 21
-4 -4 21
-3 -4 21
0 1 22
-5 -5 23
-6 -4 23
-5 -4 23
-6 -5 23
-6 0 24
-6 -6 25
-5 -3 26
-6 -3 26
-5 -1 27
-5 -6 28
-1 -1 29
-1 -2 29
-1 0 29
2 2 30
-4.5 1.5 0
0.8 -5.6 0
-1.6 -5.6 0
2 -1.5 0
-4.5 0 0
-3.5 -5.5 0
-2.75 1 0
0.4 -1.6 0
0.666667 1.66667 0
2 0.5 0
-6 1.5 0
-3.5 -1 0
0.5 0 0
-2.4 -2.4 0
-6 -1.5 0
-0.8 -3.6 0
-2 -0.5 0
-4.5 -2 0
-1.33333 1.66667 0
1.6 -3.8 0
-3.73333 -3.73333 0
0 1 0
-5.6 -4.4 0
-6 0 0
-6 -6 0
-5.5 -3 0
-5 -1 0
-5 -6 0
-1 -1.2 0
2 2 0

-5 1 1
-4 1 1
-4 2 1
-5 2 1
0 -6 2
2 -6 2
1 -6 2
0 -5 2
1 -5 2
-1 -5 3
-2 -6 3
-2 -5 3
-1 -6 3
2 -1 4
2 -2 4
-5 0 5
-4 0 5
-4 -6 6
-3 -5 6
-4 -5 6
-3 -6 6
-3 1 7
-2 1 7
-3 0 7
-3 2 7
1 -1 8
0 -2 8
0 -1 8
1 -2 8
1 2 9
1 1 9
0 2 9
2 0 10
2 1 10
-6 1 11
-6 2 11
-3 -1 12
-4 -1 12
1 0 13
0 0 13
-3 -2 14
-2 -2 14
-2 -3 14
-3 -3 14
-6 -1 15
-6 -2 15
-1 -4 16
-2 -4 16
0 -4 16
0 -3 16
-1 -3 16
-2 -1 17
-2 0 17
-5 -2 18
-4 -2 18
-1 2 19
-1 1 19
-2 2 19
1 -4 20
2 -5 20
2 -3 20
1 -3 20
2 -4 20
-4 -3 21
-4 -4 21
-3 -4 21
0 1 22
-5 -5 23
-6 -4 23
-5 -4 23
-6 -5 23
-6 0 24
-6 -6 25
-5 -3 26
-6 -3 26
-5 -1 27
-5 -6 28
-1 -1 29
-1 -2 29
-1 0 29
2 2 30
-4.5 1.5 0
0.8 -5.6 0
-1.6 -5.6 0
2 -1.5 0
-4.5 0 0
-3.5 -5.5 0
-2.75 1 0
0.4 -1.6 0
0.666667 1.66667 0
2 0.5 0
-6 1.5 0
-3.5 -1 0
0.5 0 0
-2.4 -2.4 0
-6 -1.5 0
-0.8 -3.6 0
-2 -0.5 0
-4.5 -2 0
-1.33333 1.66667 0
1.6 -3.8 0
-3.73333 -3.73333 0
0 1 0
-5.6 -4.4 0
-6 0 0
-6 -6 0
-5.5 -3 0
-5 -1 0
-5 -6 0
-1 -1.2 0
2 2 0

-5 1 1
-4 1 1
-4 2 1
-5 2 1
0 -6 2
2 -6 2
1 -6 2
0 -5 2
1 -5 2
-1 -5 3
-2 -6 3
-2 -5 3
-1 -6 3
2 -1 4
2 -2 4
-5 0 5
-4 0 5
-4 -6 6
-3 -5 6
-4 -5 6
-3 -6 6
-3 1 7
-2 1 7
-3 0 7
-3 2 7
1 -1 8
0 -2 8
0 -1 8
1 -2 8
1 2 9
1 1 9
0 2 9
2 0 10
2 1 10
-6 1 11
-6 2 11
-3 -1 12
-4 -1 12
1 0 13
0 0 13
-3 -2 14
-2 -2 14
-2 -3 14
-3 -3 14
-6 -1 15
-6 -2 15
-1 -4 16
-2 -4 16
0 -4 16
0 -3 16
-1 -3 16
-2 -1 17
-2 0 17
-5 -2 18
-4 -2 18
-1 2 19
-1 1 19
-2 2 19
1 -4 20
2 -5 20
2 -3 20
1 -3 20
2 -4 20
-4 -3 21
-4 -4 21
-3 -4 21
0 1 22
-5 -5 23
-6 -4 23
-5 -4 23
-6 -5 23
-6 0 24
-6 -6 25
-5 -3 26
-6 -3 26
-5 -1 27
-5 -6 28
-1 -1 29
-1 -2 29
-1 0 29
2 2 30
-4.5 1.5 0
0.8 -5.6 0
-1.6 -5.6 0
2 -1.5 0
-4.5 0 0
-3.5 -5.5 0
-2.75 1 0
0.4 -1.6 0
0.666667 1.66667 0
2 0.5 0
-6 1.5 0
-3.5 -1 0
0.5 0 0
-2.4 -2.4 0
-6 -1.5 0
-0.8 -3.6 0
-2 -0.5 0
-4.5 -2 0
-1.33333 1.66667 0
1.6 -3.8 0
-3.73333 -3.73333 0
0 1 0
-5.6 -4.4 0
-6 0 0
-6 -6 0
-5.5 -3 0
-5 -1 0
-5 -6 0
-1 -1.2 0
2 2 0

-5 1 1
-4 1 1
-4 2 1
-5 2 1
0 -6 2
2 -6 2
1 -6 2
0 -5 2
1 -5 2
-1 -5 3
-2 -6 3
-2 -5 3
-1 -6 3
2 -1 4
2 -2 4
-5 0 5
-4 0 5
-4 -6 6
-3 -5 6
-4 -5 6
-3 -6 6
-3 1 7
-2 1 7
-3 0 7
-3 2 7
1 -1 8
0 -2 8
0 -1 8
1 -2 8
1 2 9
1 1 9
0 2 9
2 0 10
2 1 10
-6 1 11
-6 2 11
-3 -1 12
-4 -1 12
1 0 13
0 0 13
-3 -2 14
-2 -2 14
-2 -3 14
-3 -3 14
-6 -1 15
-6 -2 15
-1 -4 16
-2 -4 16
0 -4 16
0 -3 16
-1 -3 16
-2 -1 17
-2 0 17
-5 -2 18
-4 -2 18
-1 2 19
-1 1 19
-2 2 19
1 -4 20
2 -5 20
2 -3 20
1 -3 20
2 -4 20
-4 -3 21
-4 -4 21
-3 -4 21
0 1 22
-5 -5 23
-6 -4 23
-5 -4 23
-6 -5 23
-6 0 24
-6 -6 25
-5 -3 26
-6 -3 26
-5 -1 27
-5 -6 28
-1 -1 29
-1 -2 29
-1 0 29
2 2 30
-4.5 1.5 0
0.8 -5.6 0
-1.6 -5.6 0
2 -1.5 0
-4.5 0 0
-3.5 -5.5 0
-2.75 1 0
0.32 -1.48 0
0.666667 1.66667 0
2 0.5 0
-6 1.5 0
-3.5 -1 0
0.5 0 0
-2.4 -2.4 0
-6 -1.5 0
-0.8 -3.6 0
-2 -0.5 0
-4.5 -2 0
-1.33333 1.66667 0
1.6 -3.8 0
-3.73333 -3.73333 0
0 1 0
-5.6 -4.4 0
-6 0 0
-6 -6 0
-5.5 -3 0
-5 -1 0
-5 -6 0
-1 -1.2 0
2 2 0

-5 1 1
-4 1 1
-4 2 1
-5 2 1
0 -6 2
2 -6 2
1 -6 2
0 -5 2
1 -5 2
-1 -5 3
-2 -6 3
-2 -5 3
-1 -6 3
2 -1 4
2 -2 4
-5 0 5
-4 0 5
-4 -6 6
-3 -5 6
-4 -5 6
-3 -6 6
-3 1 7
-2 1 7
-3 0 7
-3 2 7
1 -1 8
0 -2 8
0 -1 8
1 -2 8
1 2 9
1 1 9
0 2 9
2 0 10
2 1 10
-6 1 11
-6 2 11
-3 -1 12
-4 -1 12
1 0 13
0 0 13
-3 -2 14
-2 -2 14
-2 -3 14
-3 -3 14
-6 -1 15
-6 -2 15
-1 -4 16
-2 -4 16
0 -4 16
0 -3 16
-1 -3 16
-2 -1 17
-2 0 17
-5 -2 18
-4 -2 18
-1 2 19
-1 1 19
-2 2 19
1 -4 20
2 -5 20
2 -3 20
1 -3 20
2 -4 20
-4 -3 21
-4 -4 21
-3 -4 21
0 1 22
-5 -5 23
-6 -4 23
-5 -4 23
-6 -5 23
-6 0 24
-6 -6 25
-5 -3 26
-6 -3 26
-5 -1 27
-5 -6 28
-1 -1 29
-1 -2 29
-1 0 29
2 2 30
-4.5 1.5 0
0.8 -5.6 0
-1.6 -5.6 0
2 -1.5 0
-4.5 0 0
-3.5 -5.5 0
-2.75 1 0
0.32 -1.48 0
0.666667 1.66667 0
2 0.5 0
-6 1.5 0
-3.5 -1 0
0.5 0 0
-2.4 -2.4 0
-6 -1.5 0
-0.8 -3.6 0
-2 -0.5 0
-4.5 -2 0
-1.33333 1.66667 0
1.6 -3.8 0
-3.73333 -3.73333 0
0 1 0
-5.48 -4.32 0
-6 0 0
-6 -6 0
-5.5 -3 0
-5 -1 0
-5 -6 0
-1 -1.2 0
2 2 0

-5 1 1
-4 1 1
-4 2 1
-5 2 1
0 -6 2
2 -6 2
1 -6 2
0 -5 2
1 -5 2
-1 -5 3
-2 -6 3
-2 -5 3
-1 -6 3
2 -1 4
2 -2 4
-5 0 5
-4 0 5
-4 -6 6
-3 -5 6
-4 -5 6
-3 -6 6
-3 1 7
-2 1 7
-3 0 7
-3 2 7
1 -1 8
0 -2 8
0 -1 8
1 -2 8
1 2 9
1 1 9
0 2 9
2 0 10
2 1 10
-6 1 11
-6 2 11
-3 -1 12
-4 -1 12
1 0 13
0 0 13
-3 -2 14
-2 -2 14
-2 -3 14
-3 -3 14
-6 -1 15
-6 -2 15
-1 -4 16
-2 -4 16
0 -4 16
0 -3 16
-1 -3 16
-2 -1 17
-2 0 17
-5 -2 18
-4 -2 18
-1 2 19
-1 1 19
-2 2 19
1 -4 20
2 -5 20
2 -3 20
1 -3 20
2 -4 20
-4 -3 21
-4 -4 21
-3 -4 21
0 1 22
-5 -5 23
-6 -4 23
-5 -4 23
-6 -5 23
-6 0 24
-6 -6 25
-5 -3 26
-6 -3 26
-5 -1 27
-5 -6 28
-1 -1 29
-1 -2 29
-1 0 29
2 2 30
-4.5 1.5 0
0.8 -5.6 0
-1.6 -5.6 0
2 -1.5 0
-4.5 0 0
-3.5 -5.5 0
-2.75 1 0
0.32 -1.48 0
0.666667 1.66667 0
2 0.5 0
-6 1.5 0
-3.5 -1 0
0.5 0 0
-2.4 -2.4 0
-6 -1.5 0
-0.8 -3.6 0
-2 -0.5 0
-4.5 -2 0
-1.33333 1.66667 0
1.68 -4.04 0
-3.73333 -3.73333 0
0 1 0
-5.48 -4.32 0
-6 0 0
-6 -6 0
-5.5 -3 0
-5 -1 0
-5 -6 0
-1 -1.2 0
2 2 0

-5 1 1
-4 1 1
-4 2 1
-5 2 1
0 -6 2
2 -6 2
1 -6 2
0 -5 2
1 -5 2
-1 -5 3
-2 -6 3
-2 -5 3
-1 -6 3
2 -1 4
2 -2 4
-5 0 5
-4 0 5
-4 -6 6
-3 -5 6
-4 -5 6
-3 -6 6
-3 1 7
-2 1 7
-3 0 7
-3 2 7
1 -1 8
0 -2 8
0 -1 8
1 -2 8
1 2 9
1 1 9
0 2 9
2 0 10
2 1 10
-6 1 11
-6 2 11
-3 -1 12
-4 -1 12
1 0 13
0 0 13
-3 -2 14
-2 -2 14
-2 -3 14
-3 -3 14
-6 -1 15
-6 -2 15
-1 -4 16
-2 -4 16
0 -4 16
0 -3 16
-1 -3 16
-2 -1 17
-2 0 17
-5 -2 18
-4 -2 18
-1 2 19
-1 1 19
-2 2 19
1 -4 20
2 -5 20
2 -3 20
1 -3 20
2 -4 20
-4 -3 21
-4 -4 21
-3 -4 21
0 1 22
-5 -5 23
-6 -4 23
-5 -4 23
-6 -5 23
-6 0 24
-6 -6 25
-5 -3 26
-6 -3 26
-5 -1 27
-5 -6 28
-1 -1 29
-1 -2 29
-1 0 29
2 2 30
-4.5 1.5 0
0.8 -5.6 0
-1.6 -5.6 0
2 -1.5 0
-4.5 0 0
-3.4 -5.4 0
-2.75 1 0
0.32 -1.48 0
0.666667 1.66667 0
2 0.5 0
-6 1.5 0
-3.5 -1 0
0.5 0 0
-2.4 -2.4 0
-6 -1.5 0
-0.8 -3.6 0
-2 -0.5 0
-4.5 -2 0
-1.33333 1.66667 0
1.68 -4.04 0
-3.73333 -3.73333 0
0 1 0
-5.48 -4.32 0
-6 0 0
-6 -6 0
-5.5 -3 0
-5 -1 0
-5 -6 0
-1 -1.2 0
2 2 0

-5 1 1
-4 1 1
-4 2 1
-5 2 1
0 -6 2
2 -6 2
1 -6 2
0 -5 2
1 -5 2
-1 -5 3
-2 -6 3
-2 -5 3
-1 -6 3
2 -1 4
2 -2 4
-5 0 5
-4 0 5
-4 -6 6
-3 -5 6
-4 -5 6
-3 -6 6
-3 1 7
-2 1 7
-3 0 7
-3 2 7
1 -1 8
0 -2 8
0 -1 8
1 -2 8
1 2 9
1 1 9
0 2 9
2 0 10
2 1 10
-6 1 11
-6 2 11
-3 -1 12
-4 -1 12
1 0 13
0 0 13
-3 -2 14
-2 -2 14
-2 -3 14
-3 -3 14
-6 -1 15
-6 -2 15
-1 -4 16
-2 -4 16
0 -4 16
0 -3 16
-1 -3 16
-2 -1 17
-2 0 17
-5 -2 18
-4 -2 18
-1 2 19
-1 1 19
-2 2 19
1 -4 20
2 -5 20
2 -3 20
1 -3 20
2 -4 20
-4 -3 21
-4 -4 21
-3 -4 21
0 1 22
-5 -5 23
-6 -4 23
-5 -4 23
-6 -5 23
-6 0 24
-6 -6 25
-5 -3 26
-6 -3 26
-5 -1 27
-5 -6 28
-1 -1 29
-1 -2 29
-1 0 29
2 2 30
-4.5 1.5 0
0.64 -5.68 0
-1.6 -5.6 0
2 -1.5 0
-4.5 0 0
-3.4 -5.4 0
-2.75 1 0
0.32 -1.48 0
0.666667 1.66667 0
2 0.5 0
-6 1.5 0
-3.5 -1 0
0.5 0 0
-2.4 -2.4 0
-6 -1.5 0
-0.8 -3.6 0
-2 -0.5 0
-4.5 -2 0
-1.33333 1.66667 0
1.68 -4.04 0
-3.73333 -3.73333 0
0 1 0
-5.48 -4.32 0
-6 0 0
-6 -6 0
-5.5 -3 0
-5 -1 0
-5 -6 0
-1 -1.2 0
2 2 0

-5 1 1
-4 1 1
-4 2 1
-5 2 1
0 -6 2
2 -6 2
1 -6 2
0 -5 2
1 -5 2
-1 -5 3
-2 -6 3
-2 -5 3
-1 -6 3
2 -1 4
2 -2 4
-5 0 5
-4 0 5
-4 -6 6
-3 -5 6
-4 -5 6
-3 -6 6
-3 1 7
-2 1 7
-3 0 7
-3 2 7
1 -1 8
0 -2 8
0 -1 8
1 -2 8
1 2 9
1 1 9
0 2 9
2 0 10
2 1 10
-6 1 11
-6 2 11
-3 -1 12
-4 -1 12
1 0 13
0 0 13
-3 -2 14
-2 -2 14
-2 -3 14
-3 -3 14
-6 -1 15
-6 -2 15
-1 -4 16
-2 -4 16
0 -4 16
0 -3 16
-1 -3 16
-2 -1 17
-2 0 17
-5 -2 18
-4 -2 18
-1 2 19
-1 1 19
-2 2 19
1 -4 20
2 -5 20
2 -3 20
1 -3 20
2 -4 20
-4 -3 21
-4 -4 21
-3 -4 21
0 1 22
-5 -5 23
-6 -4 23
-5 -4 23
-6 -5 23
-6 0 24
-6 -6 25
-5 -3 26
-6 -3 26
-5 -1 27
-5 -6 28
-1 -1 29
-1 -2 29
-1 0 29
2 2 30
-4.5 1.5 0
0.64 -5.68 0
-1.6 -5.6 0
2 -1.6 0
-4.5 0 0
-3.4 -5.4 0
-2.75 1 0
0.32 -1.48 0
0.666667 1.66667 0
2 0.5 0
-6 1.5 0
-3.5 -1 0
0.5 0 0
-2.4 -2.4 0
-6 -1.5 0
-0.8 -3.6 0
-2 -0.5 0
-4.5 -2 0
-1.33333 1.66667 0
1.68 -4.04 0
-3.73333 -3.73333 0
0 1 0
-5.48 -4.32 0
-6 0 0
-6 -6 0
-5.5 -3 0
-5 -1 0
-5 -6 0
-1 -1.2 0
2 2 0

-5 1 1
-4 1 1
-4 2 1
-5 2 1
0 -6 2
2 -6 2
1 -6 2
0 -5 2
1 -5 2
-1 -5 3
-2 -6 3
-2 -5 3
-1 -6 3
2 -1 4
2 -2 4
-5 0 5
-4 0 5
-4 -6 6
-3 -5 6
-4 -5 6
-3 -6 6
-3 1 7
-2 1 7
-3 0 7
-3 2 7
1 -1 8
0 -2 8
0 -1 8
1 -2 8
1 2 9
1 1 9
0 2 9
2 0 10
2 1 10
-6 1 11
-6 2 11
-3 -1 12
-4 -1 12
1 0 13
0 0 13
-3 -2 14
-2 -2 14
-2 -3 14
-3 -3 14
-6 -1 15
-6 -2 15
-1 -4 16
-2 -4 16
0 -4 16
0 -3 16
-1 -3 16
-2 -1 17
-2 0 17
-5 -2 18
-4 -2 18
-1 2 19
-1 1 19
-2 2 19
1 -4 20
2 -5 20
2 -3 20
1 -3 20
2 -4 20
-4 -3 21
-4 -4 21
-3 -4 21
0 1 22
-5 -5 23
-6 -4 23
-5 -4 23
-6 -5 23
-6 0 24
-6 -6 25
-5 -3 26
-6 -3 26
-5 -1 27
-5 -6 28
-1 -1 29
-1 -2 29
-1 0 29
2 2 30
-4.5 1.5 0
0.64 -5.68 0
-1.6 -5.6 0
2 -1.6 0
-4.5 0 0
-3.4 -5.4 0
-2.75 1 0
0.32 -1.48 0
0.666667 1.66667 0
2 0.5 0
-6 1.5 0
-3.5 -1 0
0.5 0 0
-2.4 -2.4 0
-6 -1.5 0
-0.84 -3.68 0
-2 -0.5 0
-4.5 -2 0
-1.33333 1.66667 0
1.68 -4.04 0
-3.73333 -3.73333 0
0 1 0
-5.48 -4.32 0
-6 0 0
-6 -6 0
-5.5 -3 0
-5 -1 0
-5 -6 0
-1 -1.2 0
2 2 0

-5 1 1
-4 1 1
-4 2 1
-5 2 1
0 -6 2
2 -6 2
1 -6 2
0 -5 2
1 -5 2
-1 -5 3
-2 -6 3
-2 -5 3
-1 -6 3
2 -1 4
2 -2 4
-5 0 5
-4 0 5
-4 -6 6
-3 -5 6
-4 -5 6
-3 -6 6
-3 1 7
-2 1 7
-3 0 7
-3 2 7
1 -1 8
0 -2 8
0 -1 8
1 -2 8
1 2 9
1 1 9
0 2 9
2 0 10
2 1 10
-6 1 11
-6 2 11
-3 -1 12
-4 -1 12
1 0 13
0 0 13
-3 -2 14
-2 -2 14
-2 -3 14
-3 -3 14
-6 -1 15
-6 -2 15
-1 -4 16
-2 -4 16
0 -4 16
0 -3 16
-1 -3 16
-2 -1 17
-2 0 17
-5 -2 18
-4 -2 18
-1 2 19
-1 1 19
-2 2 19
1 -4 20
2 -5 20
2 -3 20
1 -3 20
2 -4 20
-4 -3 21
-4 -4 21
-3 -4 21
0 1 22
-5 -5 23
-6 -4 23
-5 -4 23
-6 -5 23
-6 0 24
-6 -6 25
-5 -3 26
-6 -3 26
-5 -1 27
-5 -6 28
-1 -1 29
-1 -2 29
-1 0 29
2 2 30
-4.5 1.5 0
0.64 -5.68 0
-1.6 -5.6 0
2 -1.6 0
-4.5 0 0
-3.4 -5.4 0
-2.75 1 0
0.32 -1.48 0
0.666667 1.66667 0
2 0.5 0
-6 1.5 0
-3.4 -1 0
0.5 0 0
-2.4 -2.4 0
-6 -1.5 0
-0.84 -3.68 0
-2 -0.5 0
-4.5 -2 0
-1.33333 1.66667 0
1.68 -4.04 0
-3.73333 -3.73333 0
0 1 0
-5.48 -4.32 0
-6 0 0
-6 -6 0
-5.5 -3 0
-5 -1 0
-5 -6 0
-1 -1.2 0
2 2 0

-5 1 1
-4 1 1
-4 2 1
-5 2 1
0 -6 2
2 -6 2
1 -6 2
0 -5 2
1 -5 2
-1 -5 3
-2 -6 3
-2 -5 3
-1 -6 3
2 -1 4
2 -2 4
-5 0 5
-4 0 5
-4 -6 6
-3 -5 6
-4 -5 6
-3 -6 6
-3 1 7
-2 1 7
-3 0 7
-3 2 7
1 -1 8
0 -2 8
0 -1 8
1 -2 8
1 2 9
1 1 9
0 2 9
2 0 10
2 1 10
-6 1 11
-6 2 11
-3 -1 12
-4 -1 12
1 0 13
0 0 13
-3 -2 14
-2 -2 14
-2 -3 14
-3 -3 14
-6 -1 15
-6 -2 15
-1 -4 16
-2 -4 16
0 -4 16
0 -3 16
-1 -3 16
-2 -1 17
-2 0 17
-5 -2 18
-4 -2 18
-1 2 19
-1 1 19
-2 2 19
1 -4 20
2 -5 20
2 -3 20
1 -3 20
2 -4 20
-4 -3 21
-4 -4 21
-3 -4 21
0 1 22
-5 -5 23
-6 -4 23
-5 -4 23
-6 -5 23
-6 0 24
-6 -6 25
-5 -3 26
-6 -3 26
-5 -1 27
-5 -6 28
-1 -1 29
-1 -2 29
-1 0 29
2 2 30
-4.5 1.5 0
0.64 -5.68 0
-1.6 -5.6 0
2 -1.6 0
-4.5 0 0
-3.4 -5.4 0
-2.6 1 0
0.32 -1.48 0
0.666667 1.66667 0
2 0.5 0
-6 1.5 0
-3.4 -1 0
0.5 0 0
-2.4 -2.4 0
-6 -1.5 0
-0.84 -3.68 0
-2 -0.5 0
-4.5 -2 0
-1.33333 1.66667 0
1.68 -4.04 0
-3.73333 -3.73333 0
0 1 0
-5.48 -4.32 0
-6 0 0
-6 -6 0
-5.5 -3 0
-5 -1 0
-5 -6 0
-1 -1.2 0
2 2 0

-5 1 1
-4 1 1
-4 2 1
-5 2 1
0 -6 2
2 -6 2
1 -6 2
0 -5 2
1 -5 2
-1 -5 3
-2 -6 3
-2 -5 3
-1 -6 3
2 -1 4
2 -2 4
-5 0 5
-4 0 5
-4 -6 6
-3 -5 6
-4 -5 6
-3 -6 6
-3 1 7
-2 1 7
-3 0 7
-3 2 7
1 -1 8
0 -2 8
0 -1 8
1 -2 8
1 2 9
1 1 9
0 2 9
2 0 10
2 1 10
-6 1 11
-6 2 11
-3 -1 12
-4 -1 12
1 0 13
0 0 13
-3 -2 14
-2 -2 14
-2 -3 14
-3 -3 14
-6 -1 15
-6 -2 15
-1 -4 16
-2 -4 16
0 -4 16
0 -3 16
-1 -3 16
-2 -1 17
-2 0 17
-5 -2 18
-4 -2 18
-1 2 19
-1 1 19
-2 2 19
1 -4 20
2 -5 20
2 -3 20
1 -3 20
2 -4 20
-4 -3 21
-4 -4 21
-3 -4 21
0 1 22
-5 -5 23
-6 -4 23
-5 -4 23
-6 -5 23
-6 0 24
-6 -6 25
-5 -3 26
-6 -3 26
-5 -1 27
-5 -6 28
-1 -1 29
-1 -2 29
-1 0 29
2 2 30
-4.5 1.5 0
0.64 -5.68 0
-1.6 -5.6 0
2 -1.6 0
-4.6 0 0
-3.4 -5.4 0
-2.6 1 0
0.32 -1.48 0
0.666667 1.66667 0
2 0.5 0
-6 1.5 0
-3.4 -1 0
0.5 0 0
-2.4 -2.4 0
-6 -1.5 0
-0.84 -3.68 0
-2 -0.5 0
-4.5 -2 0
-1.33333 1.66667 0
1.68 -4.04 0
-3.73333 -3.73333 0
0 1 0
-5.48 -4.32 0
-6 0 0
-6 -6 0
-5.5 -3 0
-5 -1 0
-5 -6 0
-1 -1.2 0
2 2 0

-5 1 1
-4 1 1
-4 2 1
-5 2 1
0 -6 2
2 -6 2
1 -6 2
0 -5 2
1 -5 2
-1 -5 3
-2 -6 3
-2 -5 3
-1 -6 3
2 -1 4
2 -2 4
-5 0 5
-4 0 5
-4 -6 6
-3 -5 6
-4 -5 6
-3 -6 6
-3 1 7
-2 1 7
-3 0 7
-3 2 7
1 -1 8
0 -2 8
0 -1 8
1 -2 8
1 2 9
1 1 9
0 2 9
2 0 10
2 1 10
-6 1 11
-6 2 11
-3 -1 12
-4 -1 12
1 0 13
0 0 13
-3 -2 14
-2 -2 14
-2 -3 14
-3 -3 14
-6 -1 15
-6 -2 15
-1 -4 16
-2 -4 16
0 -4 16
0 -3 16
-1 -3 16
-2 -1 17
-2 0 17
-5 -2 18
-4 -2 18
-1 2 19
-1 1 19
-2 2 19
1 -4 20
2 -5 20
2 -3 20
1 -3 20
2 -4 20
-4 -3 21
-4 -4 21
-3 -4 21
0 1 22
-5 -5 23
-6 -4 23
-5 -4 23
-6 -5 23
-6 0 24
-6 -6 25
-5 -3 26
-6 -3 26
-5 -1 27
-5 -6 28
-1 -1 29
-1 -2 29
-1 0 29
2 2 30
-4.5 1.5 0
0.64 -5.68 0
-1.6 -5.6 0
2 -1.6 0
-4.6 0 0
-3.4 -5.4 0
-2.6 1 0
0.32 -1.48 0
0.666667 1.66667 0
2 0.5 0
-6 1.5 0
-3.4 -1 0
0.5 0 0
-2.4 -2.4 0
-6 -1.5 0
-0.84 -3.68 0
-2 -0.5 0
-4.5 -2 0
-1.33333 1.66667 0
1.68 -4.04 0
-3.73333 -3.73333 0
0 1 0
-5.48 -4.32 0
-6 0 0
-6 -6 0
-5.6 -3 0
-5 -1 0
-5 -6 0
-1 -1.2 0
2 2 0

-5 1 1
-4 1 1
-4 2 1
-5 2 1
0 -6 2
2 -6 2
1 -6 2
0 -5 2
1 -5 2
-1 -5 3
-2 -6 3
-2 -5 3
-1 -6 3
2 -1 4
2 -2 4
-5 0 5
-4 0 5
-4 -6 6
-3 -5 6
-4 -5 6
-3 -6 6
-3 1 7
-2 1 7
-3 0 7
-3 2 7
1 -1 8
0 -2 8
0 -1 8
1 -2 8
1 2 9
1 1 9
0 2 9
2 0 10
2 1 10
-6 1 11
-6 2 11
-3 -1 12
-4 -1 12
1 0 13
0 0 13
-3 -2 14
-2 -2 14
-2 -3 14
-3 -3 14
-6 -1 15
-6 -2 15
-1 -4 16
-2 -4 16
0 -4 16
0 -3 16
-1 -3 16
-2 -1 17
-2 0 17
-5 -2 18
-4 -2 18
-1 2 19
-1 1 19
-2 2 19
1 -4 20
2 -5 20
2 -3 20
1 -3 20
2 -4 20
-4 -3 21
-4 -4 21
-3 -4 21
0 1 22
-5 -5 23
-6 -4 23
-5 -4 23
-6 -5 23
-6 0 24
-6 -6 25
-5 -3 26
-6 -3 26
-5 -1 27
-5 -6 28
-1 -1 29
-1 -2 29
-1 0 29
2 2 30
-4.5 1.5 0
0.912 -5.744 0
-1.6 -5.6 0
2 -1.6 0
-4.6 0 0
-3.4 -5.4 0
-2.6 1 0
0.32 -1.48 0
0.666667 1.66667 0
2 0.5 0
-6 1.5 0
-3.4 -1 0
0.5 0 0
-2.4 -2.4 0
-6 -1.5 0
-0.84 -3.68 0
-2 -0.5 0
-4.5 -2 0
-1.33333 1.66667 0
1.68 -4.04 0
-3.73333 -3.73333 0
0 1 0
-5.48 -4.32 0
-6 0 0
-6 -6 0
-5.6 -3 0
-5 -1 0
-5 -6 0
-1 -1.2 0
2 2 0

-5 1 1
-4 1 1
-4 2 1
-5 2 1
0 -6 2
2 -6 2
1 -6 2
0 -5 2
1 -5 2
-1 -5 3
-2 -6 3
-2 -5 3
-1 -6 3
2 -1 4
2 -2 4
-5 0 5
-4 0 5
-4 -6 6
-3 -5 6
-4 -5 6
-3 -6 6
-3 1 7
-2 1 7
-3 0 7
-3 2 7
1 -1 8
0 -2 8
0 -1 8
1 -2 8
1 2 9
1 1 9
0 2 9
2 0 10
2 1 10
-6 1 11
-6 2 11
-3 -1 12
-4 -1 12
1 0 13
0 0 13
-3 -2 14
-2 -2 14
-2 -3 14
-3 -3 14
-6 -1 15
-6 -2 15
-1 -4 16
-2 -4 16
0 -4 16
0 -3 16
-1 -3 16
-2 -1 17
-2 0 17
-5 -2 18
-4 -2 18
-1 2 19
-1 1 19
-2 2 19
1 -4 20
2 -5 20
2 -3 20
1 -3 20
2 -4 20
-4 -3 21
-4 -4 21
-3 -4 21
0 1 22
-5 -5 23
-6 -4 23
-5 -4 23
-6 -5 23
-6 0 24
-6 -6 25
-5 -3 26
-6 -3 26
-5 -1 27
-5 -6 28
-1 -1 29
-1 -2 29
-1 0 29
2 2 30
-4.5 1.5 0
0.912 -5.744 0
-1.6 -5.6 0
2 -1.6 0
-4.6 0 0
-3.52 -5.32 0
-2.6 1 0
0.32 -1.48 0
0.666667 1.66667 0
2 0.5 0
-6 1.5 0
-3.4 -1 0
0.5 0 0
-2.4 -2.4 0
-6 -1.5 0
-0.84 -3.68 0
-2 -0.5 0
-4.5 -2 0
-1.33333 1.66667 0
1.68 -4.04 0
-3.73333 -3.73333 0
0 1 0
-5.48 -4.32 0
-6 0 0
-6 -6 0
-5.6 -3 0
-5 -1 0
-5 -6 0
-1 -1.2 0
2 2 0

-5 1 1
-4 1 1
-4 2 1
-5 2 1
0 -6 2
2 -6 2
1 -6 2
0 -5 2
1 -5 2
-1 -5 3
-2 -6 3
-2 -5 3
-1 -6 3
2 -1 4
2 -2 4
-5 0 5
-4 0 5
-4 -6 6
-3 -5 6
-4 -5 6
-3 -6 6
-3 1 7
-2 1 7
-3 0 7
-3 2 7
1 -1 8
0 -2 8
0 -1 8
1 -2 8
1 2 9
1 1 9
0 2 9
2 0 10
2 1 10
-6 1 11
-6 2 11
-3 -1 12
-4 -1 12
1 0 13
0 0 13
-3 -2 14
-2 -2 14
-2 -3 14
-3 -3 14
-6 -1 15
-6 -2 15
-1 -4 16
-2 -4 16
0 -4 16
0 -3 16
-1 -3 16
-2 -1 17
-2 0 17
-5 -2 18
-4 -2 18
-1 2 19
-1 1 19
-2 2 19
1 -4 20
2 -5 20
2 -3 20
1 -3 20
2 -4 20
-4 -3 21
-4 -4 21
-3 -4 21
0 1 22
-5 -5 23
-6 -4 23
-5 -4 23
-6 -5 23
-6 0 24
-6 -6 25
-5 -3 26
-6 -3 26
-5 -1 27
-5 -6 28
-1 -1 29
-1 -2 29
-1 0 29
2 2 30
-4.5 1.5 0
0.912 -5.744 0
-1.6 -5.6 0
2 -1.6 0
-4.6 0 0
-3.52 -5.32 0
-2.6 1 0
0.32 -1.48 0
0.666667 1.66667 0
2 0.5 0
-6 1.5 0
-3.4 -1 0
0.4 0 0
-2.4 -2.4 0
-6 -1.5 0
-0.84 -3.68 0
-2 -0.5 0
-4.5 -2 0
-1.33333 1.66667 0
1.68 -4.04 0
-3.73333 -3.73333 0
0 1 0
-5.48 -4.32 0
-6 0 0
-6 -6 0
-5.6 -3 0
-5 -1 0
-5 -6 0
-1 -1.2 0
2 2 0

-5 1 1
-4 1 1
-4 2 1
-5 2 1
0 -6 2
2 -6 2
1 -6 2
0 -5 2
1 -5 2
-1 -5 3
-2 -6 3
-2 -5 3
-1 -6 3
2 -1 4
2 -2 4
-5 0 5
-4 0 5
-4 -6 6
-3 -5 6
-4 -5 6
-3 -6 6
-3 1 7
-2 1 7
-3 0 7
-3 2 7
1 -1 8
0 -2 8
0 -1 8
1 -2 8
1 2 9
1 1 9
0 2 9
2 0 10
2 1 10
-6 1 11
-6 2 11
-3 -1 12
-4 -1 12
1 0 13
0 0 13
-3 -2 14
-2 -2 14
-2 -3 14
-3 -3 14
-6 -1 15
-6 -2 15
-1 -4 16
-2 -4 16
0 -4 16
0 -3 16
-1 -3 16
-2 -1 17
-2 0 17
-5 -2 18
-4 -2 18
-1 2 19
-1 1 19
-2 2 19
1 -4 20
2 -5 20
2 -3 20
1 -3 20
2 -4 20
-4 -3 21
-4 -4 21
-3 -4 21
0 1 22
-5 -5 23
-6 -4 23
-5 -4 23
-6 -5 23
-6 0 24
-6 -6 25
-5 -3 26
-6 -3 26
-5 -1 27
-5 -6 28
-1 -1 29
-1 -2 29
-1 0 29
2 2 30
-4.5 1.5 0
0.912 -5.744 0
-1.6 -5.6 0
2 -1.6 0
-4.6 0 0
-3.52 -5.32 0
-2.6 1 0
0.32 -1.48 0
0.733333 1.53333 0
2 0.5 0
-6 1.5 0
-3.4 -1 0
0.4 0 0
-2.4 -2.4 0
-6 -1.5 0
-0.84 -3.68 0
-2 -0.5 0
-4.5 -2 0
-1.33333 1.66667 0
1.68 -4.04 0
-3.73333 -3.73333 0
0 1 0
-5.48 -4.32 0
-6 0 0
-6 -6 0
-5.6 -3 0
-5 -1 0
-5 -6 0
-1 -1.2 0
2 2 0

-5 1 1
-4 1 1
-4 2 1
-5 2 1
0 -6 2
2 -6 2
1 -6 2
0 -5 2
1 -5 2
-1 -5 3
-2 -6 3
-2 -5 3
-1 -6 3
2 -1 4
2 -2 4
-5 0 5
-4 0 5
-4 -6 6
-3 -5 6
-4 -5 6
-3 -6 6
-3 1 7
-2 1 7
-3 0 7
-3 2 7
1 -1 8
0 -2 8
0 -1 8
1 -2 8
1 2 9
1 1 9
0 2 9
2 0 10
2 1 10
-6 1 11
-6 2 11
-3 -1 12
-4 -1 12
1 0 13
0 0 13
-3 -2 14
-2 -2 14
-2 -3 14
-3 -3 14
-6 -1 15
-6 -2 15
-1 -4 16
-2 -4 16
0 -4 16
0 -3 16
-1 -3 16
-2 -1 17
-2 0 17
-5 -2 18
-4 -2 18
-1 2 19
-1 1 19
-2 2 19
1 -4 20
2 -5 20
2 -3 20
1 -3 20
2 -4 20
-4 -3 21
-4 -4 21
-3 -4 21
0 1 22
-5 -5 23
-6 -4 23
-5 -4 23
-6 -5 23
-6 0 24
-6 -6 25
-5 -3 26
-6 -3 26
-5 -1 27
-5 -6 28
-1 -1 29
-1 -2 29
-1 0 29
2 2 30
-4.5 1.5 0
0.912 -5.744 0
-1.48 -5.48 0
2 -1.6 0
-4.6 0 0
-3.52 -5.32 0
-2.6 1 0
0.32 -1.48 0
0.733333 1.53333 0
2 0.5 0
-6 1.5 0
-3.4 -1 0
0.4 0 0
-2.4 -2.4 0
-6 -1.5 0
-0.84 -3.68 0
-2 -0.5 0
-4.5 -2 0
-1.33333 1.66667 0
1.68 -4.04 0
-3.73333 -3.73333 0
0 1 0
-5.48 -4.32 0
-6 0 0
-6 -6 0
-5.6 -3 0
-5 -1 0
-5 -6 0
-1 -1.2 0
2 2 0

-5 1 1
-4 1 1
-4 2 1
-5 2 1
0 -6 2
2 -6 2
1 -6 2
0 -5 2
1 -5 2
-1 -5 3
-2 -6 3
-2 -5 3
-1 -6 3
2 -1 4
2 -2 4
-5 0 5
-4 0 5
-4 -6 6
-3 -5 6
-4 -5 6
-3 -6 6
-3 1 7
-2 1 7
-3 0 7
-3 2 7
1 -1 8
0 -2 8
0 -1 8
1 -2 8
1 2 9
1 1 9
0 2 9
2 0 10
2 1 10
-6 1 11
-6 2 11
-3 -1 12
-4 -1 12
1 0 13
0 0 13
-3 -2 14
-2 -2 14
-2 -3 14
-3 -3 14
-6 -1 15
-6 -2 15
-1 -4 16
-2 -4 16
0 -4 16
0 -3 16
-1 -3 16
-2 -1 17
-2 0 17
-5 -2 18
-4 -2 18
-1 2 19
-1 1 19
-2 2 19
1 -4 20
2 -5 20
2 -3 20
1 -3 20
2 -4 20
-4 -3 21
-4 -4 21
-3 -4 21
0 1 22
-5 -5 23
-6 -4 23
-5 -4 23
-6 -5 23
-6 0 24
-6 -6 25
-5 -3 26
-6 -3 26
-5 -1 27
-5 -6 28
-1 -1 29
-1 -2 29
-1 0 29
2 2 30
-4.6 1.4 0
0.912 -5.744 0
-1.48 -5.48 0
2 -1.6 0
-4.6 0 0
-3.52 -5.32 0
-2.6 1 0
0.32 -1.48 0
0.733333 1.53333 0
2 0.5 0
-6 1.5 0
-3.4 -1 0
0.4 0 0
-2.4 -2.4 0
-6 -1.5 0
-0.84 -3.68 0
-2 -0.5 0
-4.5 -2 0
-1.33333 1.66667 0
1.68 -4.04 0
-3.73333 -3.73333 0
0 1 0
-5.48 -4.32 0
-6 0 0
-6 -6 0
-5.6 -3 0
-5 -1 0
-5 -6 0
-1 -1.2 0
2 2 0

-5 1 1
-4 1 1
-4 2 1
-5 2 1
0 -6 2
2 -6 2
1 -6 2
0 -5 2
1 -5 2
-1 -5 3
-2 -6 3
-2 -5 3
-1 -6 3
2 -1 4
2 -2 4
-5 0 5
-4 0 5
-4 -6 6
-3 -5 6
-4 -5 6
-3 -6 6
-3 1 7
-2 1 7
-3 0 7
-3 2 7
1 -1 8
0 -2 8
0 -1 8
1 -2 8
1 2 9
1 1 9
0 2 9
2 0 10
2 1 10
-6 1 11
-6 2 11
-3 -1 12
-4 -1 12
1 0 13
0 0 13
-3 -2 14
-2 -2 14
-2 -3 14
-3 -3 14
-6 -1 15
-6 -2 15
-1 -4 16
-2 -4 16
0 -4 16
0 -3 16
-1 -3 16
-2 -1 17
-2 0 17
-5 -2 18
-4 -2 18
-1 2 19
-1 1 19
-2 2 19
1 -4 20
2 -5 20
2 -3 20
1 -3 20
2 -4 20
-4 -3 21
-4 -4 21
-3 -4 21
0 1 22
-5 -5 23
-6 -4 23
-5 -4 23
-6 -5 23
-6 0 24
-6 -6 25
-5 -3 26
-6 -3 26
-5 -1 27
-5 -6 28
-1 -1 29
-1 -2 29
-1 0 29
2 2 30
-4.6 1.4 0
0.912 -5.744 0
-1.48 -5.48 0
2 -1.6 0
-4.6 0 0
-3.52 -5.32 0
-2.6 1 0
0.32 -1.48 0
0.733333 1.53333 0
2 0.6 0
-6 1.5 0
-3.4 -1 0
0.4 0 0
-2.4 -2.4 0
-6 -1.5 0
-0.84 -3.68 0
-2 -0.5 0
-4.5 -2 0
-1.33333 1.66667 0
1.68 -4.04 0
-3.73333 -3.73333 0
0 1 0
-5.48 -4.32 0
-6 0 0
-6 -6 0
-5.6 -3 0
-5 -1 0
-5 -6 0
-1 -1.2 0
2 2 0

-5 1 1
-4 1 1
-4 2 1
-5 2 1
0 -6 2
2 -6 2
1 -6 2
0 -5 2
1 -5 2
-1 -5 3
-2 -6 3
-2 -5 3
-1 -6 3
2 -1 4
2 -2 4
-5 0 5
-4 0 5
-4 -6 6
-3 -5 6
-4 -5 6
-3 -6 6
-3 1 7
-2 1 7
-3 0 7
-3 2 7
1 -1 8
0 -2 8
0 -1 8
1 -2 8
1 2 9
1 1 9
0 2 9
2 0 10
2 1 10
-6 1 11
-6 2 11
-3 -1 12
-4 -1 12
1 0 13
0 0 13
-3 -2 14
-2 -2 14
-2 -3 14
-3 -3 14
-6 -1 15
-6 -2 15
-1 -4 16
-2 -4 16
0 -4 16
0 -3 16
-1 -3 16
-2 -1 17
-2 0 17
-5 -2 18
-4 -2 18
-1 2 19
-1 1 19
-2 2 19
1 -4 20
2 -5 20
2 -3 20
1 -3 20
2 -4 20
-4 -3 21
-4 -4 21
-3 -4 21
0 1 22
-5 -5 23
-6 -4 23
-5 -4 23
-6 -5 23
-6 0 24
-6 -6 25
-5 -3 26
-6 -3 26
-5 -1 27
-5 -6 28
-1 -1 29
-1 -2 29
-1 0 29
2 2 30
-4.6 1.4 0
0.912 -5.744 0
-1.48 -5.48 0
2 -1.6 0
-4.6 0 0
-3.52 -5.32 0
-2.6 1 0
0.32 -1.48 0
0.733333 1.53333 0
2 0.6 0
-6 1.5 0
-3.4 -1 0
0.4 0 0
-2.4 -2.4 0
-6 -1.5 0
-0.84 -3.68 0
-2 -0.6 0
-4.5 -2 0
-1.33333 1.66667 0
1.68 -4.04 0
-3.73333 -3.73333 0
0 1 0
-5.48 -4.32 0
-6 0 0
-6 -6 0
-5.6 -3 0
-5 -1 0
-5 -6 0
-1 -1.2 0
2 2 0

-5 1 1
-4 1 1
-4 2 1
-5 2 1
0 -6 2
2 -6 2
1 -6 2
0 -5 2
1 -5 2
-1 -5 3
-2 -6 3
-2 -5 3
-1 -6 3
2 -1 4
2 -2 4
-5 0 5
-4 0 5
-4 -6 6
-3 -5 6
-4 -5 6
-3 -6 6
-3 1 7
-2 1 7
-3 0 7
-3 2 7
1 -1 8
0 -2 8
0 -1 8
1 -2 8
1 2 9
1 1 9
0 2 9
2 0 10
2 1 10
-6 1 11
-6 2 11
-3 -1 12
-4 -1 12
1 0 13
0 0 13
-3 -2 14
-2 -2 14
-2 -3 14
-3 -3 14
-6 -1 15
-6 -2 15
-1 -4 16
-2 -4 16
0 -4 16
0 -3 16
-1 -3 16
-2 -1 17
-2 0 17
-5 -2 18
-4 -2 18
-1 2 19
-1 1 19
-2 2 19
1 -4 20
2 -5 20
2 -3 20
1 -3 20
2 -4 20
-4 -3 21
-4 -4 21
-3 -4 21
0 1 22
-5 -5 23
-6 -4 23
-5 -4 23
-6 -5 23
-6 0 24
-6 -6 25
-5 -3 26
-6 -3 26
-5 -1 27
-5 -6 28
-1 -1 29
-1 -2 29
-1 0 29
2 2 30
-4.6 1.4 0
0.912 -5.744 0
-1.384 -5.584 0
2 -1.6 0
-4.6 0 0
-3.52 -5.32 0
-2.6 1 0
0.32 -1.48 0
0.733333 1.53333 0
2 0.6 0
-6 1.5 0
-3.4 -1 0
0.4 0 0
-2.4 -2.4 0
-6 -1.5 0
-0.84 -3.68 0
-2 -0.6 0
-4.5 -2 0
-1.33333 1.66667 0
1.68 -4.04 0
-3.73333 -3.73333 0
0 1 0
-5.48 -4.32 0
-6 0 0
-6 -6 0
-5.6 -3 0
-5 -1 0
-5 -6 0
-1 -1.2 0
2 2 0

-5 1 1
-4 1 1
-4 2 1
-5 2 1
0 -6 2
2 -6 2
1 -6 2
0 -5 2
1 -5 2
-1 -5 3
-2 -6 3
-2 -5 3
-1 -6 3
2 -1 4
2 -2 4
-5 0 5
-4 0 5
-4 -6 6
-3 -5 6
-4 -5 6
-3 -6 6
-3 1 7
-2 1 7
-3 0 7
-3 2 7
1 -1 8
0 -2 8
0 -1 8
1 -2 8
1 2 9
1 1 9
0 2 9
2 0 10
2 1 10
-6 1 11
-6 2 11
-3 -1 12
-4 -1 12
1 0 13
0 0 13
-3 -2 14
-2 -2 14
-2 -3 14
-3 -3 14
-6 -1 15
-6 -2 15
-1 -4 16
-2 -4 16
0 -4 16
0 -3 16
-1 -3 16
-2 -1 17
-2 0 17
-5 -2 18
-4 -2 18
-1 2 19
-1 1 19
-2 2 19
1 -4 20
2 -5 20
2 -3 20
1 -3 20
2 -4 20
-4 -3 21
-4 -4 21
-3 -4 21
0 1 22
-5 -5 23
-6 -4 23
-5 -4 23
-6 -5 23
-6 0 24
-6 -6 25
-5 -3 26
-6 -3 26
-5 -1 27
-5 -6 28
-1 -1 29
-1 -2 29
-1 0 29
2 2 30
-4.6 1.4 0
0.912 -5.744 0
-1.384 -5.584 0
2 -1.6 0
-4.6 0 0
-3.52 -5.32 0
-2.6 1 0
0.32 -1.48 0
0.733333 1.53333 0
2 0.6 0
-6 1.5 0
-3.4 -1 0
0.4 0 0
-2.4 -2.4 0
-6 -1.5 0
-0.84 -3.68 0
-2 -0.6 0
-4.5 -2 0
-1.26667 1.53333 0
1.68 -4.04 0
-3.73333 -3.73333 0
0 1 0
-5.48 -4.32 0
-6 0 0
-6 -6 0
-5.6 -3 0
-5 -1 0
-5 -6 0
-1 -1.2 0
2 2 0

-5 1 1
-4 1 1
-4 2 1
-5 2 1
0 -6 2
2 -6 2
1 -6 2
0 -5 2
1 -5 2
-1 -5 3
-2 -6 3
-2 -5 3
-1 -6 3
2 -1 4
2 -2 4
-5 0 5
-4 0 5
-4 -6 6
-3 -5 6
-4 -5 6
-3 -6 6
-3 1 7
-2 1 7
-3 0 7
-3 2 7
1 -1 8
0 -2 8
0 -1 8
1 -2 8
1 2 9
1 1 9
0 2 9
2 0 10
2 1 10
-6 1 11
-6 2 11
-3 -1 12
-4 -1 12
1 0 13
0 0 13
-3 -2 14
-2 -2 14
-2 -3 14
-3 -3 14
-6 -1 15
-6 -2 15
-1 -4 16
-2 -4 16
0 -4 16
0 -3 16
-1 -3 16
-2 -1 17
-2 0 17
-5 -2 18
-4 -2 18
-1 2 19
-1 1 19
-2 2 19
1 -4 20
2 -5 20
2 -3 20
1 -3 20
2 -4 20
-4 -3 21
-4 -4 21
-3 -4 21
0 1 22
-5 -5 23
-6 -4 23
-5 -4 23
-6 -5 23
-6 0 24
-6 -6 25
-5 -3 26
-6 -3 26
-5 -1 27
-5 -6 28
-1 -1 29
-1 -2 29
-1 0 29
2 2 30
-4.6 1.4 0
0.912 -5.744 0
-1.384 -5.584 0
2 -1.6 0
-4.6 0 0
-3.52 -5.32 0
-2.6 1 0
0.32 -1.48 0
0.733333 1.53333 0
2 0.6 0
-6 1.5 0
-3.4 -1 0
0.52 0 0
-2.4 -2.4 0
-6 -1.5 0
-0.84 -3.68 0
-2 -0.6 0
-4.5 -2 0
-1.26667 1.53333 0
1.68 -4.04 0
-3.73333 -3.73333 0
0 1 0
-5.48 -4.32 0
-6 0 0
-6 -6 0
-5.6 -3 0
-5 -1 0
-5 -6 0
-1 -1.2 0
2 2 0

-5 1 1
-4 1 1
-4 2 1
-5 2 1
0 -6 2
2 -6 2
1 -6 2
0 -5 2
1 -5 2
-1 -5 3
-2 -6 3
-2 -5 3
-1 -6 3
2 -1 4
2 -2 4
-5 0 5
-4 0 5
-4 -6 6
-3 -5 6
-4 -5 6
-3 -6 6
-3 1 7
-2 1 7
-3 0 7
-3 2 7
1 -1 8
0 -2 8
0 -1 8
1 -2 8
1 2 9
1 1 9
0 2 9
2 0 10
2 1 10
-6 1 11
-6 2 11
-3 -1 12
-4 -1 12
1 0 13
0 0 13
-3 -2 14
-2 -2 14
-2 -3 14
-3 -3 14
-6 -1 15
-6 -2 15
-1 -4 16
-2 -4 16
0 -4 16
0 -3 16
-1 -3 16
-2 -1 17
-2 0 17
-5 -2 18
-4 -2 18
-1 2 19
-1 1 19
-2 2 19
1 -4 20
2 -5 20
2 -3 20
1 -3 20
2 -4 20
-4 -3 21
-4 -4 21
-3 -4 21
0 1 22
-5 -5 23
-6 -4 23
-5 -4 23
-6 -5 23
-6 0 24
-6 -6 25
-5 -3 26
-6 -3 26
-5 -1 27
-5 -6 28
-1 -1 29
-1 -2 29
-1 0 29
2 2 30
-4.6 1.4 0
0.912 -5.744 0
-1.384 -5.584 0
2 -1.6 0
-4.6 0 0
-3.52 -5.32 0
-2.6 1 0
0.32 -1.48 0
0.733333 1.53333 0
2 0.6 0
-6 1.5 0
-3.4 -1 0
0.52 0 0
-2.4 -2.4 0
-6 -1.5 0
-0.84 -3.68 0
-2 -0.6 0
-4.5 -2 0
-1.26667 1.53333 0
1.68 -4.04 0
-3.73333 -3.73333 0
0 1 0
-5.584 -4.456 0
-6 0 0
-6 -6 0
-5.6 -3 0
-5 -1 0
-5 -6 0
-1 -1.2 0
2 2 0

-5 1 1
-4 1 1
-4 2 1
-5 2 1
0 -6 2
2 -6 2
1 -6 2
0 -5 2
1 -5 2
-1 -5 3
-2 -6 3
-2 -5 3
-1 -6 3
2 -1 4
2 -2 4
-5 0 5
-4 0 5
-4 -6 6
-3 -5 6
-4 -5 6
-3 -6 6
-3 1 7
-2 1 7
-3 0 7
-3 2 7
1 -1 8
0 -2 8
0 -1 8
1 -2 8
1 2 9
1 1 9
0 2 9
2 0 10
2 1 10
-6 1 11
-6 2 11
-3 -1 12
-4 -1 12
1 0 13
0 0 13
-3 -2 14
-2 -2 14
-2 -3 14
-3 -3 14
-6 -1 15
-6 -2 15
-1 -4 16
-2 -4 16
0 -4 16
0 -3 16
-1 -3 16
-2 -1 17
-2 0 17
-5 -2 18
-4 -2 18
-1 2 19
-1 1 19
-2 2 19
1 -4 20
2 -5 20
2 -3 20
1 -3 20
2 -4 20
-4 -3 21
-4 -4 21
-3 -4 21
0 1 22
-5 -5 23
-6 -4 23
-5 -4 23
-6 -5 23
-6 0 24
-6 -6 25
-5 -3 26
-6 -3 26
-5 -1 27
-5 -6 28
-1 -1 29
-1 -2 29
-1 0 29
2 2 30
-4.6 1.4 0
0.912 -5.744 0
-1.384 -5.584 0
2 -1.6 0
-4.6 0 0
-3.52 -5.32 0
-2.6 1 0
0.32 -1.48 0
0.586667 1.62667 0
2 0.6 0
-6 1.5 0
-3.4 -1 0
0.52 0 0
-2.4 -2.4 0
-6 -1.5 0
-0.84 -3.68 0
-2 -0.6 0
-4.5 -2 0
-1.26667 1.53333 0
1.68 -4.04 0
-3.73333 -3.73333 0
0 1 0
-5.584 -4.456 0
-6 0 0
-6 -6 0
-5.6 -3 0
-5 -1 0
-5 -6 0
-1 -1.2 0
2 2 0

-5 1 1
-4 1 1
-4 2 1
-5 2 1
0 -6 2
2 -6 2
1 -6 2
0 -5 2
1 -5 2
-1 -5 3
-2 -6 3
-2 -5 3
-1 -6 3
2 -1 4
2 -2 4
-5 0 5
-4 0 5
-4 -6 6
-3 -5 6
-4 -5 6
-3 -6 6
-3 1 7
-2 1 7
-3 0 7
-3 2 7
1 -1 8
0 -2 8
0 -1 8
1 -2 8
1 2 9
1 1 9
0 2 9
2 0 10
2 1 10
-6 1 11
-6 2 11
-3 -1 12
-4 -1 12
1 0 13
0 0 13
-3 -2 14
-2 -2 14
-2 -3 14
-3 -3 14
-6 -1 15
-6 -2 15
-1 -4 16
-2 -4 16
0 -4 16
0 -3 16
-1 -3 16
-2 -1 17
-2 0 17
-5 -2 18
-4 -2 18
-1 2 19
-1 1 19
-2 2 19
1 -4 20
2 -5 20
2 -3 20
1 -3 20
2 -4 20
-4 -3 21
-4 -4 21
-3 -4 21
0 1 22
-5 -5 23
-6 -4 23
-5 -4 23
-6 -5 23
-6 0 24
-6 -6 25
-5 -3 26
-6 -3 26
-5 -1 27
-5 -6 28
-1 -1 29
-1 -2 29
-1 0 29
2 2 30
-4.6 1.4 0
0.912 -5.744 0
-1.384 -5.584 0
2 -1.6 0
-4.6 0 0
-3.52 -5.32 0
-2.6 1 0
0.32 -1.48 0
0.586667 1.62667 0
2 0.6 0
-6 1.5 0
-3.4 -1 0
0.52 0 0
-2.4 -2.4 0
-6 -1.5 0
-0.84 -3.68 0
-2 -0.6 0
-4.5 -2 0
-1.26667 1.53333 0
1.68 -4.04 0
-3.73333 -3.73333 0
0 1 0
-5.4672 -4.5648 0
-6 0 0
-6 -6 0
-5.6 -3 0
-5 -1 0
-5 -6 0
-1 -1.2 0
2 2 0

-5 1 1
-4 1 1
-4 2 1
-5 2 1
0 -6 2
2 -6 2
1 -6 2
0 -5 2
1 -5 2
-1 -5 3
-2 -6 3
-2 -5 3
-1 -6 3
2 -1 4
2 -2 4
-5 0 5
-4 0 5
-4 -6 6
-3 -5 6
-4 -5 6
-3 -6 6
-3 1 7
-2 1 7
-3 0 7
-3 2 7
1 -1 8
0 -2 8
0 -1 8
1 -2 8
1 2 9
1 1 9
0 2 9
2 0 10
2 1 10
-6 1 11
-6 2 11
-3 -1 12
-4 -1 12
1 0 13
0 0 13
-3 -2 14
-2 -2 14
-2 -3 14
-3 -3 14
-6 -1 15
-6 -2 15
-1 -4 16
-2 -4 16
0 -4 16
0 -3 16
-1 -3 16
-2 -1 17
-2 0 17
-5 -2 18
-4 -2 18
-1 2 19
-1 1 19
-2 2 19
1 -4 20
2 -5 20
2 -3 20
1 -3 20
2 -4 20
-4 -3 21
-4 -4 21
-3 -4 21
0 1 22
-5 -5 23
-6 -4 23
-5 -4 23
-6 -5 23
-6 0 24
-6 -6 25
-5 -3 26
-6 -3 26
-5 -1 27
-5 -6 28
-1 -1 29
-1 -2 29
-1 0 29
2 2 30
-4.6 1.4 0
0.912 -5.744 0
-1.384 -5.584 0
2 -1.6 0
-4.6 0 0
-3.52 -5.32 0
-2.6 1 0
0.32 -1.48 0
0.586667 1.62667 0
2 0.6 0
-6 1.5 0
-3.4 -1 0
0.52 0 0
-2.4 -2.4 0
-6 -1.5 0
-1.072 -3.744 0
-2 -0.6 0
-4.5 -2 0
-1.26667 1.53333 0
1.68 -4.04 0
-3.73333 -3.73333 0
0 1 0
-5.4672 -4.5648 0
-6 0 0
-6 -6 0
-5.6 -3 0
-5 -1 0
-5 -6 0
-1 -1.2 0
2 2 0

-5 1 1
-4 1 1
-4 2 1
-5 2 1
0 -6 2
2 -6 2
1 -6 2
0 -5 2
1 -5 2
-1 -5 3
-2 -6 3
-2 -5 3
-1 -6 3
2 -1 4
2 -2 4
-5 0 5
-4 0 5
-4 -6 6
-3 -5 6
-4 -5 6
-3 -6 6
-3 1 7
-2 1 7
-3 0 7
-3 2 7
1 -1 8
0 -2 8
0 -1 8
1 -2 8
1 2 9
1 1 9
0 2 9
2 0 10
2 1 10
-6 1 11
-6 2 11
-3 -1 12
-4 -1 12
1 0 13
0 0 13
-3 -2 14
-2 -2 14
-2 -3 14
-3 -3 14
-6 -1 15
-6 -2 15
-1 -4 16
-2 -4 16
0 -4 16
0 -3 16
-1 -3 16
-2 -1 17
-2 0 17
-5 -2 18
-4 -2 18
-1 2 19
-1 1 19
-2 2 19
1 -4 20
2 -5 20
2 -3 20
1 -3 20
2 -4 20
-4 -3 21
-4 -4 21
-3 -4 21
0 1 22
-5 -5 23
-6 -4 23
-5 -4 23
-6 -5 23
-6 0 24
-6 -6 25
-5 -3 26
-6 -3 26
-5 -1 27
-5 -6 28
-1 -1 29
-1 -2 29
-1 0 29
2 2 30
-4.48 1.32 0
0.912 -5.744 0
-1.384 -5.584 0
2 -1.6 0
-4.6 0 0
-3.52 -5.32 0
-2.6 1 0
0.32 -1.48 0
0.586667 1.62667 0
2 0.6 0
-6 1.5 0
-3.4 -1 0
0.52 0 0
-2.4 -2.4 0
-6 -1.5 0
-1.072 -3.744 0
-2 -0.6 0
-4.5 -2 0
-1.26667 1.53333 0
1.68 -4.04 0
-3.73333 -3.73333 0
0 1 0
-5.4672 -4.5648 0
-6 0 0
-6 -6 0
-5.6 -3 0
-5 -1 0
-5 -6 0
-1 -1.2 0
2 2 0

-5 1 1
-4 1 1
-4 2 1
-5 2 1
0 -6 2
2 -6 2
1 -6 2
0 -5 2
1 -5 2
-1 -5 3
-2 -6 3
-2 -5 3
-1 -6 3
2 -1 4
2 -2 4
-5 0 5
-4 0 5
-4 -6 6
-3 -5 6
-4 -5 6
-3 -6 6
-3 1 7
-2 1 7
-3 0 7
-3 2 7
1 -1 8
0 -2 8
0 -1 8
1 -2 8
1 2 9
1 1 9
0 2 9
2 0 10
2 1 10
-6 1 11
-6 2 11
-3 -1 12
-4 -1 12
1 0 13
0 0 13
-3 -2 14
-2 -2 14
-2 -3 14
-3 -3 14
-6 -1 15
-6 -2 15
-1 -4 16
-2 -4 16
0 -4 16
0 -3 16
-1 -3 16
-2 -1 17
-2 0 17
-5 -2 18
-4 -2 18
-1 2 19
-1 1 19
-2 2 19
1 -4 20
2 -5 20
2 -3 20
1 -3 20
2 -4 20
-4 -3 21
-4 -4 21
-3 -4 21
0 1 22
-5 -5 23
-6 -4 23
-5 -4 23
-6 -5 23
-6 0 24
-6 -6 25
-5 -3 26
-6 -3 26
-5 -1 27
-5 -6 28
-1 -1 29
-1 -2 29
-1 0 29
2 2 30
-4.48 1.32 0
0.912 -5.744 0
-1.384 -5.584 0
2 -1.6 0
-4.6 0 0
-3.52 -5.32 0
-2.6 1 0
0.456 -1.584 0
0.586667 1.62667 0
2 0.6 0
-6 1.5 0
-3.4 -1 0
0.52 0 0
-2.4 -2.4 0
-6 -1.5 0
-1.072 -3.744 0
-2 -0.6 0
-4.5 -2 0
-1.26667 1.53333 0
1.68 -4.04 0
-3.73333 -3.73333 0
0 1 0
-5.4672 -4.5648 0
-6 0 0
-6 -6 0
-5.6 -3 0
-5 -1 0
-5 -6 0
-1 -1.2 0
2 2 0

-5 1 1
-4 1 1
-4 2 1
-5 2 1
0 -6 2
2 -6 2
1 -6 2
0 -5 2
1 -5 2
-1 -5 3
-2 -6 3
-2 -5 3
-1 -6 3
2 -1 4
2 -2 4
-5 0 5
-4 0 5
-4 -6 6
-3 -5 6
-4 -5 6
-3 -6 6
-3 1 7
-2 1 7
-3 0 7
-3 2 7
1 -1 8
0 -2 8
0 -1 8
1 -2 8
1 2 9
1 1 9
0 2 9
2 0 10
2 1 10
-6 1 11
-6 2 11
-3 -1 12
-4 -1 12
1 0 13
0 0 13
-3 -2 14
-2 -2 14
-2 -3 14
-3 -3 14
-6 -1 15
-6 -2 15
-1 -4 16
-2 -4 16
0 -4 16
0 -3 16
-1 -3 16
-2 -1 17
-2 0 17
-5 -2 18
-4 -2 18
-1 2 19
-1 1 19
-2 2 19
1 -4 20
2 -5 20
2 -3 20
1 -3 20
2 -4 20
-4 -3 21
-4 -4 21
-3 -4 21
0 1 22
-5 -5 23
-6 -4 23
-5 -4 23
-6 -5 23
-6 0 24
-6 -6 25
-5 -3 26
-6 -3 26
-5 -1 27
-5 -6 28
-1 -1 29
-1 -2 29
-1 0 29
2 2 30
-4.48 1.32 0
0.912 -5.744 0
-1.384 -5.584 0
2 -1.6 0
-4.6 0 0
-3.52 -5.32 0
-2.6 1 0
0.456 -1.584 0
0.586667 1.62667 0
2 0.6 0
-6 1.5 0
-3.4 -1 0
0.52 0 0
-2.4 -2.4 0
-6 -1.4 0
-1.072 -3.744 0
-2 -0.6 0
-4.5 -2 0
-1.26667 1.53333 0
1.68 -4.04 0
-3.73333 -3.73333 0
0 1 0
-5.4672 -4.5648 0
-6 0 0
-6 -6 0
-5.6 -3 0
-5 -1 0
-5 -6 0
-1 -1.2 0
2 2 0

-5 1 1
-4 1 1
-4 2 1
-5 2 1
0 -6 2
2 -6 2
1 -6 2
0 -5 2
1 -5 2
-1 -5 3
-2 -6 3
-2 -5 3
-1 -6 3
2 -1 4
2 -2 4
-5 0 5
-4 0 5
-4 -6 6
-3 -5 6
-4 -5 6
-3 -6 6
-3 1 7
-2 1 7
-3 0 7
-3 2 7
1 -1 8
0 -2 8
0 -1 8
1 -2 8
1 2 9
1 1 9
0 2 9
2 0 10
2 1 10
-6 1 11
-6 2 11
-3 -1 12
-4 -1 12
1 0 13
0 0 13
-3 -2 14
-2 -2 14
-2 -3 14
-3 -3 14
-6 -1 15
-6 -2 15
-1 -4 16
-2 -4 16
0 -4 16
0 -3 16
-1 -3 16
-2 -1 17
-2 0 17
-5 -2 18
-4 -2 18
-1 2 19
-1 1 19
-2 2 19
1 -4 20
2 -5 20
2 -3 20
1 -3 20
2 -4 20
-4 -3 21
-4 -4 21
-3 -4 21
0 1 22
-5 -5 23
-6 -4 23
-5 -4 23
-6 -5 23
-6 0 24
-6 -6 25
-5 -3 26
-6 -3 26
-5 -1 27
-5 -6 28
-1 -1 29
-1 -2 29
-1 0 29
2 2 30
-4.48 1.32 0
0.912 -5.744 0
-1.384 -5.584 0
2 -1.6 0
-4.6 0 0
-3.52 -5.32 0
-2.6 1 0
0.456 -1.584 0
0.586667 1.62667 0
2 0.6 0
-6 1.5 0
-3.4 -1 0
0.52 0 0
-2.4 -2.4 0
-6 -1.4 0
-1.072 -3.744 0
-2 -0.6 0
-4.5 -2 0
-1.26667 1.53333 0
1.68 -4.04 0
-3.73333 -3.73333 0
0 1 0
-5.4672 -4.5648 0
-6 0 0
-6 -6 0
-5.48 -3 0
-5 -1 0
-5 -6 0
-1 -1.2 0
2 2 0

-5 1 1
-4 1 1
-4 2 1
-5 2 1
0 -6 2
2 -6 2
1 -6 2
0 -5 2
1 -5 2
-1 -5 3
-2 -6 3
-2 -5 3
-1 -6 3
2 -1 4
2 -2 4
-5 0 5
-4 0 5
-4 -6 6
-3 -5 6
-4 -5 6
-3 -6 6
-3 1 7
-2 1 7
-3 0 7
-3 2 7
1 -1 8
0 -2 8
0 -1 8
1 -2 8
1 2 9
1 1 9
0 2 9
2 0 10
2 1 10
-6 1 11
-6 2 11
-3 -1 12
-4 -1 12
1 0 13
0 0 13
-3 -2 14
-2 -2 14
-2 -3 14
-3 -3 14
-6 -1 15
-6 -2 15
-1 -4 16
-2 -4 16
0 -4 16
0 -3 16
-1 -3 16
-2 -1 17
-2 0 17
-5 -2 18
-4 -2 18
-1 2 19
-1 1 19
-2 2 19
1 -4 20
2 -5 20
2 -3 20
1 -3 20
2 -4 20
-4 -3 21
-4 -4 21
-3 -4 21
0 1 22
-5 -5 23
-6 -4 23
-5 -4 23
-6 -5 23
-6 0 24
-6 -6 25
-5 -3 26
-6 -3 26
-5 -1 27
-5 -6 28
-1 -1 29
-1 -2 29
-1 0 29
2 2 30
-4.48 1.32 0
0.912 -5.744 0
-1.384 -5.584 0
2 -1.6 0
-4.6 0 0
-3.52 -5.32 0
-2.68 0.8 0
0.456 -1.584 0
0.586667 1.62667 0
2 0.6 0
-6 1.5 0
-3.4 -1 0
0.52 0 0
-2.4 -2.4 0
-6 -1.4 0
-1.072 -3.744 0
-2 -0.6 0
-4.5 -2 0
-1.26667 1.53333 0
1.68 -4.04 0
-3.73333 -3.73333 0
0 1 0
-5.4672 -4.5648 0
-6 0 0
-6 -6 0
-5.48 -3 0
-5 -1 0
-5 -6 0
-1 -1.2 0
2 2 0

-5 1 1
-4 1 1
-4 2 1
-5 2 1
0 -6 2
2 -6 2
1 -6 2
0 -5 2
1 -5 2
-1 -5 3
-2 -6 3
-2 -5 3
-1 -6 3
2 -1 4
2 -2 4
-5 0 5
-4 0 5
-4 -6 6
-3 -5 6
-4 -5 6
-3 -6 6
-3 1 7
-2 1 7
-3 0 7
-3 2 7
1 -1 8
0 -2 8
0 -1 8
1 -2 8
1 2 9
1 1 9
0 2 9
2 0 10
2 1 10
-6 1 11
-6 2 11
-3 -1 12
-4 -1 12
1 0 13
0 0 13
-3 -2 14
-2 -2 14
-2 -3 14
-3 -3 14
-6 -1 15
-6 -2 15
-1 -4 16
-2 -4 16
0 -4 16
0 -3 16
-1 -3 16
-2 -1 17
-2 0 17
-5 -2 18
-4 -2 18
-1 2 19
-1 1 19
-2 2 19
1 -4 20
2 -5 20
2 -3 20
1 -3 20
2 -4 20
-4 -3 21
-4 -4 21
-3 -4 21
0 1 22
-5 -5 23
-6 -4 23
-5 -4 23
-6 -5 23
-6 0 24
-6 -6 25
-5 -3 26
-6 -3 26
-5 -1 27
-5 -6 28
-1 -1 29
-1 -2 29
-1 0 29
2 2 30
-4.48 1.32 0
0.912 -5.744 0
-1.384 -5.584 0
2 -1.6 0
-4.6 0 0
-3.52 -5.32 0
-2.68 0.8 0
0.456 -1.584 0
0.586667 1.62667 0
2 0.6 0
-6 1.5 0
-3.4 -1 0
0.52 0 0
-2.4 -2.4 0
-6 -1.4 0
-1.072 -3.744 0
-2 -0.6 0
-4.5 -2 0
-1.26667 1.53333 0
1.744 -3.832 0
-3.73333 -3.73333 0
0 1 0
-5.4672 -4.5648 0
-6 0 0
-6 -6 0
-5.48 -3 0
-5 -1 0
-5 -6 0
-1 -1.2 0
2 2 0

-5 1 1
-4 1 1
-4 2 1
-5 2 1
0 -6 2
2 -6 2
1 -6 2
0 -5 2
1 -5 2
-1 -5 3
-2 -6 3
-2 -5 3
-1 -6 3
2 -1 4
2 -2 4
-5 0 5
-4 0 5
-4 -6 6
-3 -5 6
-4 -5 6
-3 -6 6
-3 1 7
-2 1 7
-3 0 7
-3 2 7
1 -1 8
0 -2 8
0 -1 8
1 -2 8
1 2 9
1 1 9
0 2 9
2 0 10
2 1 10
-6 1 11
-6 2 11
-3 -1 12
-4 -1 12
1 0 13
0 0 13
-3 -2 14
-2 -2 14
-2 -3 14
-3 -3 14
-6 -1 15
-6 -2 15
-1 -4 16
-2 -4 16
0 -4 16
0 -3 16
-1 -3 16
-2 -1 17
-2 0 17
-5 -2 18
-4 -2 18
-1 2 19
-1 1 19
-2 2 19
1 -4 20
2 -5 20
2 -3 20
1 -3 20
2 -4 20
-4 -3 21
-4 -4 21
-3 -4 21
0 1 22
-5 -5 23
-6 -4 23
-5 -4 23
-6 -5 23
-6 0 24
-6 -6 25
-5 -3 26
-6 -3 26
-5 -1 27
-5 -6 28
-1 -1 29
-1 -2 29
-1 0 29
2 2 30
-4.48 1.32 0
0.912 -5.744 0
-1.384 -5.584 0
2 -1.6 0
-4.6 0 0
-3.52 -5.32 0
-2.68 0.8 0
0.456 -1.584 0
0.586667 1.62667 0
2 0.6 0
-6 1.6 0
-3.4 -1 0
0.52 0 0
-2.4 -2.4 0
-6 -1.4 0
-1.072 -3.744 0
-2 -0.6 0
-4.5 -2 0
-1.26667 1.53333 0
1.744 -3.832 0
-3.73333 -3.73333 0
0 1 0
-5.4672 -4.5648 0
-6 0 0
-6 -6 0
-5.48 -3 0
-5 -1 0
-5 -6 0
-1 -1.2 0
2 2 0

-5 1 1
-4 1 1
-4 2 1
-5 2 1
0 -6 2
2 -6 2
1 -6 2
0 -5 2
1 -5 2
-1 -5 3
-2 -6 3
-2 -5 3
-1 -6 3
2 -1 4
2 -2 4
-5 0 5
-4 0 5
-4 -6 6
-3 -5 6
-4 -5 6
-3 -6 6
-3 1 7
-2 1 7
-3 0 7
-3 2 7
1 -1 8
0 -2 8
0 -1 8
1 -2 8
1 2 9
1 1 9
0 2 9
2 0 10
2 1 10
-6 1 11
-6 2 11
-3 -1 12
-4 -1 12
1 0 13
0 0 13
-3 -2 14
-2 -2 14
-2 -3 14
-3 -3 14
-6 -1 15
-6 -2 15
-1 -4 16
-2 -4 16
0 -4 16
0 -3 16
-1 -3 16
-2 -1 17
-2 0 17
-5 -2 18
-4 -2 18
-1 2 19
-1 1 19
-2 2 19
1 -4 20
2 -5 20
2 -3 20
1 -3 20
2 -4 20
-4 -3 21
-4 -4 21
-3 -4 21
0 1 22
-5 -5 23
-6 -4 23
-5 -4 23
-6 -5 23
-6 0 24
-6 -6 25
-5 -3 26
-6 -3 26
-5 -1 27
-5 -6 28
-1 -1 29
-1 -2 29
-1 0 29
2 2 30
-4.48 1.32 0
0.912 -5.744 0
-1.384 -5.584 0
2 -1.6 0
-4.6 0 0
-3.52 -5.32 0
-2.68 0.8 0
0.456 -1.584 0
0.586667 1.62667 0
2 0.6 0
-6 1.6 0
-3.4 -1 0
0.52 0 0
-2.4 -2.4 0
-6 -1.4 0
-1.072 -3.744 0
-2 -0.6 0
-4.5 -2 0
-1.26667 1.53333 0
1.5952 -3.8656 0
-3.73333 -3.73333 0
0 1 0
-5.4672 -4.5648 0
-6 0 0
-6 -6 0
-5.48 -3 0
-5 -1 0
-5 -6 0
-1 -1.2 0
2 2 0

-5 1 1
-4 1 1
-4 2 1
-5 2 1
0 -6 2
2 -6 2
1 -6 2
0 -5 2
1 -5 2
-1 -5 3
-2 -6 3
-2 -5 3
-1 -6 3
2 -1 4
2 -2 4
-5 0 5
-4 0 5
-4 -6 6
-3 -5 6
-4 -5 6
-3 -6 6
-3 1 7
-2 1 7
-3 0 7
-3 2 7
1 -1 8
0 -2 8
0 -1 8
1 -2 8
1 2 9
1 1 9
0 2 9
2 0 10
2 1 10
-6 1 11
-6 2 11
-3 -1 12
-4 -1 12
1 0 13
0 0 13
-3 -2 14
-2 -2 14
-2 -3 14
-3 -3 14
-6 -1 15
-6 -2 15
-1 -4 16
-2 -4 16
0 -4 16
0 -3 16
-1 -3 16
-2 -1 17
-2 0 17
-5 -2 18
-4 -2 18
-1 2 19
-1 1 19
-2 2 19
1 -4 20
2 -5 20
2 -3 20
1 -3 20
2 -4 20
-4 -3 21
-4 -4 21
-3 -4 21
0 1 22
-5 -5 23
-6 -4 23
-5 -4 23
-6 -5 23
-6 0 24
-6 -6 25
-5 -3 26
-6 -3 26
-5 -1 27
-5 -6 28
-1 -1 29
-1 -2 29
-1 0 29
2 2 30
-4.48 1.32 0
0.912 -5.744 0
-1.384 -5.584 0
2 -1.6 0
-4.6 0 0
-3.52 -5.32 0
-2.68 0.8 0
0.456 -1.584 0
0.586667 1.62667 0
2 0.6 0
-6 1.6 0
-3.4 -1 0
0.52 0 0
-2.4 -2.4 0
-6 -1.4 0
-0.8576 -3.7952 0
-2 -0.6 0
-4.5 -2 0
-1.26667 1.53333 0
1.5952 -3.8656 0
-3.73333 -3.73333 0
0 1 0
-5.4672 -4.5648 0
-6 0 0
-6 -6 0
-5.48 -3 0
-5 -1 0
-5 -6 0
-1 -1.2 0
2 2 0

-5 1 1
-4 1 1
-4 2 1
-5 2 1
0 -6 2
2 -6 2
1 -6 2
0 -5 2
1 -5 2
-1 -5 3
-2 -6 3
-2 -5 3
-1 -6 3
2 -1 4
2 -2 4
-5 0 5
-4 0 5
-4 -6 6
-3 -5 6
-4 -5 6
-3 -6 6
-3 1 7
-2 1 7
-3 0 7
-3 2 7
1 -1 8
0 -2 8
0 -1 8
1 -2 8
1 2 9
1 1 9
0 2 9
2 0 10
2 1 10
-6 1 11
-6 2 11
-3 -1 12
-4 -1 12
1 0 13
0 0 13
-3 -2 14
-2 -2 14
-2 -3 14
-3 -3 14
-6 -1 15
-6 -2 15
-1 -4 16
-2 -4 16
0 -4 16
0 -3 16
-1 -3 16
-2 -1 17
-2 0 17
-5 -2 18
-4 -2 18
-1 2 19
-1 1 19
-2 2 19
1 -4 20
2 -5 20
2 -3 20
1 -3 20
2 -4 20
-4 -3 21
-4 -4 21
-3 -4 21
0 1 22
-5 -5 23
-6 -4 23
-5 -4 23
-6 -5 23
-6 0 24
-6 -6 25
-5 -3 26
-6 -3 26
-5 -1 27
-5 -6 28
-1 -1 29
-1 -2 29
-1 0 29
2 2 30
-4.48 1.32 0
0.912 -5.744 0
-1.384 -5.584 0
2 -1.6 0
-4.6 0 0
-3.52 -5.32 0
-2.68 0.8 0
0.456 -1.584 0
0.586667 1.62667 0
2 0.6 0
-6 1.6 0
-3.52 -1 0
0.52 0 0
-2.4 -2.4 0
-6 -1.4 0
-0.8576 -3.7952 0
-2 -0.6 0
-4.5 -2 0
-1.26667 1.53333 0
1.5952 -3.8656 0
-3.73333 -3.73333 0
0 1 0
-5.4672 -4.5648 0
-6 0 0
-6 -6 0
-5.48 -3 0
-5 -1 0
-5 -6 0
-1 -1.2 0
2 2 0

-5 1 1
-4 1 1
-4 2 1
-5 2 1
0 -6 2
2 -6 2
1 -6 2
0 -5 2
1 -5 2
-1 -5 3
-2 -6 3
-2 -5 3
-1 -6 3
2 -1 4
2 -2 4
-5 0 5
-4 0 5
-4 -6 6
-3 -5 6
-4 -5 6
-3 -6 6
-3 1 7
-2 1 7
-3 0 7
-3 2 7
1 -1 8
0 -2 8
0 -1 8
1 -2 8
1 2 9
1 1 9
0 2 9
2 0 10
2 1 10
-6 1 11
-6 2 11
-3 -1 12
-4 -1 12
1 0 13
0 0 13
-3 -2 14
-2 -2 14
-2 -3 14
-3 -3 14
-6 -1 15
-6 -2 15
-1 -4 16
-2 -4 16
0 -4 16
0 -3 16
-1 -3 16
-2 -1 17
-2 0 17
-5 -2 18
-4 -2 18
-1 2 19
-1 1 19
-2 2 19
1 -4 20
2 -5 20
2 -3 20
1 -3 20
2 -4 20
-4 -3 21
-4 -4 21
-3 -4 21
0 1 22
-5 -5 23
-6 -4 23
-5 -4 23
-6 -5 23
-6 0 24
-6 -6 25
-5 -3 26
-6 -3 26
-5 -1 27
-5 -6 28
-1 -1 29
-1 -2 29
-1 0 29
2 2 30
-4.48 1.32 0
0.912 -5.744 0
-1.384 -5.584 0
2 -1.6 0
-4.6 0 0
-3.52 -5.32 0
-2.68 0.8 0
0.456 -1.584 0
0.586667 1.62667 0
2 0.6 0
-6 1.6 0
-3.52 -1 0
0.52 0 0
-2.4 -2.4 0
-6 -1.4 0
-0.68608 -3.63616 0
-2 -0.6 0
-4.5 -2 0
-1.26667 1.53333 0
1.5952 -3.8656 0
-3.73333 -3.73333 0
0 1 0
-5.4672 -4.5648 0
-6 0 0
-6 -6 0
-5.48 -3 0
-5 -1 0
-5 -6 0
-1 -1.2 0
2 2 0

-5 1 1
-4 1 1
-4 2 1
-5 2 1
0 -6 2
2 -6 2
1 -6 2
0 -5 2
1 -5 2
-1 -5 3
-2 -6 3
-2 -5 3
-1 -6 3
2 -1 4
2 -2 4
-5 0 5
-4 0 5
-4 -6 6
-3 -5 6
-4 -5 6
-3 -6 6
-3 1 7
-2 1 7
-3 0 7
-3 2 7
1 -1 8
0 -2 8
0 -1 8
1 -2 8
1 2 9
1 1 9
0 2 9
2 0 10
2 1 10
-6 1 11
-6 2 11
-3 -1 12
-4 -1 12
1 0 13
0 0 13
-3 -2 14
-2 -2 14
-2 -3 14
-3 -3 14
-6 -1 15
-6 -2 15
-1 -4 16
-2 -4 16
0 -4 16
0 -3 16
-1 -3 16
-2 -1 17
-2 0 17
-5 -2 18
-4 -2 18
-1 2 19
-1 1 19
-2 2 19
1 -4 20
2 -5 20
2 -3 20
1 -3 20
2 -4 20
-4 -3 21
-4 -4 21
-3 -4 21
0 1 22
-5 -5 23
-6 -4 23
-5 -4 23
-6 -5 23
-6 0 24
-6 -6 25
-5 -3 26
-6 -3 26
-5 -1 27
-5 -6 28
-1 -1 29
-1 -2 29
-1 0 29
2 2 30
-4.48 1.32 0
0.912 -5.744 0
-1.384 -5.584 0
2 -1.6 0
-4.6 0 0
-3.52 -5.32 0
-2.68 0.8 0
0.456 -1.584 0
0.586667 1.62667 0
2 0.6 0
-6 1.6 0
-3.52 -1 0
0.52 0 0
-2.4 -2.4 0
-6 -1.4 0
-0.748864 -3.50893 0
-2 -0.6 0
-4.5 -2 0
-1.26667 1.53333 0
1.5952 -3.8656 0
-3.73333 -3.73333 0
0 1 0
-5.4672 -4.5648 0
-6 0 0
-6 -6 0
-5.48 -3 0
-5 -1 0
-5 -6 0
-1 -1.2 0
2 2 0

-5 1 1
-4 1 1
-4 2 1
-5 2 1
0 -6 2
2 -6 2
1 -6 2
0 -5 2
1 -5 2
-1 -5 3
-2 -6 3
-2 -5 3
-1 -6 3
2 -1 4
2 -2 4
-5 0 5
-4 0 5
-4 -6 6
-3 -5 6
-4 -5 6
-3 -6 6
-3 1 7
-2 1 7
-3 0 7
-3 2 7
1 -1 8
0 -2 8
0 -1 8
1 -2 8
1 2 9
1 1 9
0 2 9
2 0 10
2 1 10
-6 1 11
-6 2 11
-3 -1 12
-4 -1 12
1 0 13
0 0 13
-3 -2 14
-2 -2 14
-2 -3 14
-3 -3 14
-6 -1 15
-6 -2 15
-1 -4 16
-2 -4 16
0 -4 16
0 -3 16
-1 -3 16
-2 -1 17
-2 0 17
-5 -2 18
-4 -2 18
-1 2 19
-1 1 19
-2 2 19
1 -4 20
2 -5 20
2 -3 20
1 -3 20
2 -4 20
-4 -3 21
-4 -4 21
-3 -4 21
0 1 22
-5 -5 23
-6 -4 23
-5 -4 23
-6 -5 23
-6 0 24
-6 -6 25
-5 -3 26
-6 -3 26
-5 -1 27
-5 -6 28
-1 -1 29
-1 -2 29
-1 0 29
2 2 30
-4.48 1.32 0
0.912 -5.744 0
-1.384 -5.584 0
2 -1.6 0
-4.6 0 0
-3.52 -5.32 0
-2.68 0.8 0
0.456 -1.584 0
0.586667 1.62667 0
2 0.6 0
-6 1.6 0
-3.52 -1 0
0.52 0 0
-2.4 -2.4 0
-6 -1.52 0
-0.748864 -3.50893 0
-2 -0.6 0
-4.5 -2 0
-1.26667 1.53333 0
1.5952 -3.8656 0
-3.73333 -3.73333 0
0 1 0
-5.4672 -4.5648 0
-6 0 0
-6 -6 0
-5.48 -3 0
-5 -1 0
-5 -6 0
-1 -1.2 0
2 2 0

-5 1 1
-4 1 1
-4 2 1
-5 2 1
0 -6 2
2 -6 2
1 -6 2
0 -5 2
1 -5 2
-1 -5 3
-2 -6 3
-2 -5 3
-1 -6 3
2 -1 4
2 -2 4
-5 0 5
-4 0 5
-4 -6 6
-3 -5 6
-4 -5 6
-3 -6 6
-3 1 7
-2 1 7
-3 0 7
-3 2 7
1 -1 8
0 -2 8
0 -1 8
1 -2 8
1 2 9
1 1 9
0 2 9
2 0 10
2 1 10
-6 1 11
-6 2 11
-3 -1 12
-4 -1 12
1 0 13
0 0 13
-3 -2 14
-2 -2 14
-2 -3 14
-3 -3 14
-6 -1 15
-6 -2 15
-1 -4 16
-2 -4 16
0 -4 16
0 -3 16
-1 -3 16
-2 -1 17
-2 0 17
-5 -2 18
-4 -2 18
-1 2 19
-1 1 19
-2 2 19
1 -4 20
2 -5 20
2 -3 20
1 -3 20
2 -4 20
-4 -3 21
-4 -4 21
-3 -4 21
0 1 22
-5 -5 23
-6 -4 23
-5 -4 23
-6 -5 23
-6 0 24
-6 -6 25
-5 -3 26
-6 -3 26
-5 -1 27
-5 -6 28
-1 -1 29
-1 -2 29
-1 0 29
2 2 30
-4.48 1.32 0
0.912 -5.744 0
-1.384 -5.584 0
2 -1.6 0
-4.6 0 0
-3.52 -5.32 0
-2.68 0.8 0
0.5648 -1.4672 0
0.586667 1.62667 0
2 0.6 0
-6 1.6 0
-3.52 -1 0
0.52 0 0
-2.4 -2.4 0
-6 -1.52 0
-0.748864 -3.50893 0
-2 -0.6 0
-4.5 -2 0
-1.26667 1.53333 0
1.5952 -3.8656 0
-3.73333 -3.73333 0
0 1 0
-5.4672 -4.5648 0
-6 0 0
-6 -6 0
-5.48 -3 0
-5 -1 0
-5 -6 0
-1 -1.2 0
2 2 0

-5 1 1
-4 1 1
-4 2 1
-5 2 1
0 -6 2
2 -6 2
1 -6 2
0 -5 2
1 -5 2
-1 -5 3
-2 -6 3
-2 -5 3
-1 -6 3
2 -1 4
2 -2 4
-5 0 5
-4 0 5
-4 -6 6
-3 -5 6
-4 -5 6
-3 -6 6
-3 1 7
-2 1 7
-3 0 7
-3 2 7
1 -1 8
0 -2 8
0 -1 8
1 -2 8
1 2 9
1 1 9
0 2 9
2 0 10
2 1 10
-6 1 11
-6 2 11
-3 -1 12
-4 -1 12
1 0 13
0 0 13
-3 -2 14
-2 -2 14
-2 -3 14
-3 -3 14
-6 -1 15
-6 -2 15
-1 -4 16
-2 -4 16
0 -4 16
0 -3 16
-1 -3 16
-2 -1 17
-2 0 17
-5 -2 18
-4 -2 18
-1 2 19
-1 1 19
-2 2 19
1 -4 20
2 -5 20
2 -3 20
1 -3 20
2 -4 20
-4 -3 21
-4 -4 21
-3 -4 21
0 1 22
-5 -5 23
-6 -4 23
-5 -4 23
-6 -5 23
-6 0 24
-6 -6 25
-5 -3 26
-6 -3 26
-5 -1 27
-5 -6 28
-1 -1 29
-1 -2 29
-1 0 29
2 2 30
-4.48 1.32 0
0.9296 -5.5952 0
-1.384 -5.584 0
2 -1.6 0
-4.6 0 0
-3.52 -5.32 0
-2.68 0.8 0
0.5648 -1.4672 0
0.586667 1.62667 0
2 0.6 0
-6 1.6 0
-3.52 -1 0
0.52 0 0
-2.4 -2.4 0
-6 -1.52 0
-0.748864 -3.50893 0
-2 -0.6 0
-4.5 -2 0
-1.26667 1.53333 0
1.5952 -3.8656 0
-3.73333 -3.73333 0
0 1 0
-5.4672 -4.5648 0
-6 0 0
-6 -6 0
-5.48 -3 0
-5 -1 0
-5 -6 0
-1 -1.2 0
2 2 0

-5 1 1
-4 1 1
-4 2 1
-5 2 1
0 -6 2
2 -6 2
1 -6 2
0 -5 2
1 -5 2
-1 -5 3
-2 -6 3
-2 -5 3
-1 -6 3
2 -1 4
2 -2 4
-5 0 5
-4 0 5
-4 -6 6
-3 -5 6
-4 -5 6
-3 -6 6
-3 1 7
-2 1 7
-3 0 7
-3 2 7
1 -1 8
0 -2 8
0 -1 8
1 -2 8
1 2 9
1 1 9
0 2 9
2 0 10
2 1 10
-6 1 11
-6 2 11
-3 -1 12
-4 -1 12
1 0 13
0 0 13
-3 -2 14
-2 -2 14
-2 -3 14
-3 -3 14
-6 -1 15
-6 -2 15
-1 -4 16
-2 -4 16
0 -4 16
0 -3 16
-1 -3 16
-2 -1 17
-2 0 17
-5 -2 18
-4 -2 18
-1 2 19
-1 1 19
-2 2 19
1 -4 20
2 -5 20
2 -3 20
1 -3 20
2 -4 20
-4 -3 21
-4 -4 21
-3 -4 21
0 1 22
-5 -5 23
-6 -4 23
-5 -4 23
-6 -5 23
-6 0 24
-6 -6 25
-5 -3 26
-6 -3 26
-5 -1 27
-5 -6 28
-1 -1 29
-1 -2 29
-1 0 29
2 2 30
-4.48 1.32 0
0.9296 -5.5952 0
-1.384 -5.584 0
2 -1.48 0
-4.6 0 0
-3.52 -5.32 0
-2.68 0.8 0
0.5648 -1.4672 0
0.586667 1.62667 0
2 0.6 0
-6 1.6 0
-3.52 -1 0
0.52 0 0
-2.4 -2.4 0
-6 -1.52 0
-0.748864 -3.50893 0
-2 -0.6 0
-4.5 -2 0
-1.26667 1.53333 0
1.5952 -3.8656 0
-3.73333 -3.73333 0
0 1 0
-5.4672 -4.5648 0
-6 0 0
-6 -6 0
-5.48 -3 0
-5 -1 0
-5 -6 0
-1 -1.2 0
2 2 0

-5 1 1
-4 1 1
-4 2 1
-5 2 1
0 -6 2
2 -6 2
1 -6 2
0 -5 2
1 -5 2
-1 -5 3
-2 -6 3
-2 -5 3
-1 -6 3
2 -1 4
2 -2 4
-5 0 5
-4 0 5
-4 -6 6
-3 -5 6
-4 -5 6
-3 -6 6
-3 1 7
-2 1 7
-3 0 7
-3 2 7
1 -1 8
0 -2 8
0 -1 8
1 -2 8
1 2 9
1 1 9
0 2 9
2 0 10
2 1 10
-6 1 11
-6 2 11
-3 -1 12
-4 -1 12
1 0 13
0 0 13
-3 -2 14
-2 -2 14
-2 -3 14
-3 -3 14
-6 -1 15
-6 -2 15
-1 -4 16
-2 -4 16
0 -4 16
0 -3 16
-1 -3 16
-2 -1 17
-2 0 17
-5 -2 18
-4 -2 18
-1 2 19
-1 1 19
-2 2 19
1 -4 20
2 -5 20
2 -3 20
1 -3 20
2 -4 20
-4 -3 21
-4 -4 21
-3 -4 21
0 1 22
-5 -5 23
-6 -4 23
-5 -4 23
-6 -5 23
-6 0 24
-6 -6 25
-5 -3 26
-6 -3 26
-5 -1 27
-5 -6 28
-1 -1 29
-1 -2 29
-1 0 29
2 2 30
-4.48 1.32 0
0.9296 -5.5952 0
-1.384 -5.584 0
2 -1.48 0
-4.6 0 0
-3.52 -5.32 0
-2.68 0.8 0
0.5648 -1.4672 0
0.586667 1.62667 0
2 0.6 0
-6 1.6 0
-3.52 -1 0
0.52 0 0
-2.4 -2.4 0
-6 -1.52 0
-0.748864 -3.50893 0
-2 -0.6 0
-4.5 -2 0
-1.41333 1.62667 0
1.5952 -3.8656 0
-3.73333 -3.73333 0
0 1 0
-5.4672 -4.5648 0
-6 0 0
-6 -6 0
-5.48 -3 0
-5 -1 0
-5 -6 0
-1 -1.2 0
2 2 0

-5 1 1
-4 1 1
-4 2 1
-5 2 1
0 -6 2
2 -6 2
1 -6 2
0 -5 2
1 -5 2
-1 -5 3
-2 -6 3
-2 -5 3
-1 -6 3
2 -1 4
2 -2 4
-5 0 5
-4 0 5
-4 -6 6
-3 -5 6
-4 -5 6
-3 -6 6
-3 1 7
-2 1 7
-3 0 7
-3 2 7
1 -1 8
0 -2 8
0 -1 8
1 -2 8
1 2 9
1 1 9
0 2 9
2 0 10
2 1 10
-6 1 11
-6 2 11
-3 -1 12
-4 -1 12
1 0 13
0 0 13
-3 -2 14
-2 -2 14
-2 -3 14
-3 -3 14
-6 -1 15
-6 -2 15
-1 -4 16
-2 -4 16
0 -4 16
0 -3 16
-1 -3 16
-2 -1 17
-2 0 17
-5 -2 18
-4 -2 18
-1 2 19
-1 1 19
-2 2 19
1 -4 20
2 -5 20
2 -3 20
1 -3 20
2 -4 20
-4 -3 21
-4 -4 21
-3 -4 21
0 1 22
-5 -5 23
-6 -4 23
-5 -4 23
-6 -5 23
-6 0 24
-6 -6 25
-5 -3 26
-6 -3 26
-5 -1 27
-5 -6 28
-1 -1 29
-1 -2 29
-1 0 29
2 2 30
-4.48 1.32 0
0.9296 -5.5952 0
-1.384 -5.584 0
2 -1.48 0
-4.6 0 0
-3.52 -5.32 0
-2.68 0.8 0
0.5648 -1.4672 0
0.586667 1.62667 0
2 0.6 0
-6 1.6 0
-3.52 -1 0
0.52 0 0
-2.4 -2.4 0
-6 -1.52 0
-0.748864 -3.50893 0
-2 -0.6 0
-4.5 -2 0
-1.33067 1.70133 0
1.5952 -3.8656 0
-3.73333 -3.73333 0
0 1 0
-5.4672 -4.5648 0
-6 0 0
-6 -6 0
-5.48 -3 0
-5 -1 0
-5 -6 0
-1 -1.2 0
2 2 0

-5 1 1
-4 1 1
-4 2 1
-5 2 1
0 -6 2
2 -6 2
1 -6 2
0 -5 2
1 -5 2
-1 -5 3
-2 -6 3
-2 -5 3
-1 -6 3
2 -1 4
2 -2 4
-5 0 5
-4 0 5
-4 -6 6
-3 -5 6
-4 -5 6
-3 -6 6
-3 1 7
-2 1 7
-3 0 7
-3 2 7
1 -1 8
0 -2 8
0 -1 8
1 -2 8
1 2 9
1 1 9
0 2 9
2 0 10
2 1 10
-6 1 11
-6 2 11
-3 -1 12
-4 -1 12
1 0 13
0 0 13
-3 -2 14
-2 -2 14
-2 -3 14
-3 -3 14
-6 -1 15
-6 -2 15
-1 -4 16
-2 -4 16
0 -4 16
0 -3 16
-1 -3 16
-2 -1 17
-2 0 17
-5 -2 18
-4 -2 18
-1 2 19
-1 1 19
-2 2 19
1 -4 20
2 -5 20
2 -3 20
1 -3 20
2 -4 20
-4 -3 21
-4 -4 21
-3 -4 21
0 1 22
-5 -5 23
-6 -4 23
-5 -4 23
-6 -5 23
-6 0 24
-6 -6 25
-5 -3 26
-6 -3 26
-5 -1 27
-5 -6 28
-1 -1 29
-1 -2 29
-1 0 29
2 2 30
-4.48 1.32 0
0.9296 -5.5952 0
-1.384 -5.584 0
2 -1.48 0
-4.6 0 0
-3.52 -5.32 0
-2.68 0.8 0
0.5648 -1.4672 0
0.586667 1.62667 0
2 0.6 0
-6 1.6 0
-3.52 -1 0
0.52 0 0
-2.4 -2.4 0
-6 -1.52 0
-0.748864 -3.50893 0
-2 -0.6 0
-4.5 -2 0
-1.33067 1.70133 0
1.47616 -3.69248 0
-3.73333 -3.73333 0
0 1 0
-5.4672 -4.5648 0
-6 0 0
-6 -6 0
-5.48 -3 0
-5 -1 0
-5 -6 0
-1 -1.2 0
2 2 0

-5 1 1
-4 1 1
-4 2 1
-5 2 1
0 -6 2
2 -6 2
1 -6 2
0 -5 2
1 -5 2
-1 -5 3
-2 -6 3
-2 -5 3
-1 -6 3
2 -1 4
2 -2 4
-5 0 5
-4 0 5
-4 -6 6
-3 -5 6
-4 -5 6
-3 -6 6
-3 1 7
-2 1 7
-3 0 7
-3 2 7
1 -1 8
0 -2 8
0 -1 8
1 -2 8
1 2 9
1 1 9
0 2 9
2 0 10
2 1 10
-6 1 11
-6 2 11
-3 -1 12
-4 -1 12
1 0 13
0 0 13
-3 -2 14
-2 -2 14
-2 -3 14
-3 -3 14
-6 -1 15
-6 -2 15
-1 -4 16
-2 -4 16
0 -4 16
0 -3 16
-1 -3 16
-2 -1 17
-2 0 17
-5 -2 18
-4 -2 18
-1 2 19
-1 1 19
-2 2 19
1 -4 20
2 -5 20
2 -3 20
1 -3 20
2 -4 20
-4 -3 21
-4 -4 21
-3 -4 21
0 1 22
-5 -5 23
-6 -4 23
-5 -4 23
-6 -5 23
-6 0 24
-6 -6 25
-5 -3 26
-6 -3 26
-5 -1 27
-5 -6 28
-1 -1 29
-1 -2 29
-1 0 29
2 2 30
-4.48 1.32 0
0.9296 -5.5952 0
-1.384 -5.584 0
2 -1.48 0
-4.6 0 0
-3.52 -5.32 0
-2.68 0.8 0
0.5648 -1.4672 0
0.586667 1.62667 0
2 0.6 0
-6 1.6 0
-3.52 -1 0
0.52 0 0
-2.32 -2.52 0
-6 -1.52 0
-0.748864 -3.50893 0
-2 -0.6 0
-4.5 -2 0
-1.33067 1.70133 0
1.47616 -3.69248 0
-3.73333 -3.73333 0
0 1 0
-5.4672 -4.5648 0
-6 0 0
-6 -6 0
-5.48 -3 0
-5 -1 0
-5 -6 0
-1 -1.2 0
2 2 0

-5 1 1
-4 1 1
-4 2 1
-5 2 1
0 -6 2
2 -6 2
1 -6 2
0 -5 2
1 -5 2
-1 -5 3
-2 -6 3
-2 -5 3
-1 -6 3
2 -1 4
2 -2 4
-5 0 5
-4 0 5
-4 -6 6
-3 -5 6
-4 -5 6
-3 -6 6
-3 1 7
-2 1 7
-3 0 7
-3 2 7
1 -1 8
0 -2 8
0 -1 8
1 -2 8
1 2 9
1 1 9
0 2 9
2 0 10
2 1 10
-6 1 11
-6 2 11
-3 -1 12
-4 -1 12
1 0 13
0 0 13
-3 -2 14
-2 -2 14
-2 -3 14
-3 -3 14
-6 -1 15
-6 -2 15
-1 -4 16
-2 -4 16
0 -4 16
0 -3 16
-1 -3 16
-2 -1 17
-2 0 17
-5 -2 18
-4 -2 18
-1 2 19
-1 1 19
-2 2 19
1 -4 20
2 -5 20
2 -3 20
1 -3 20
2 -4 20
-4 -3 21
-4 -4 21
-3 -4 21
0 1 22
-5 -5 23
-6 -4 23
-5 -4 23
-6 -5 23
-6 0 24
-6 -6 25
-5 -3 26
-6 -3 26
-5 -1 27
-5 -6 28
-1 -1 29
-1 -2 29
-1 0 29
2 2 30
-4.48 1.32 0
0.9296 -5.5952 0
-1.384 -5.584 0
2 -1.48 0
-4.6 0 0
-3.52 -5.32 0
-2.68 0.8 0
0.5648 -1.4672 0
0.586667 1.62667 0
2 0.6 0
-6 1.6 0
-3.52 -1 0
0.52 0 0
-2.32 -2.52 0
-6 -1.52 0
-0.748864 -3.50893 0
-2 -0.6 0
-4.5 -2 0
-1.33067 1.70133 0
1.47616 -3.69248 0
-3.73333 -3.73333 0
0 1 0
-5.4672 -4.5648 0
-6 0 0
-6 -6 0
-5.48 -3 0
-5 -1 0
-5 -6 0
-1 -1.2 0
2 2 0

-5 1 1
-4 1 1
-4 2 1
-5 2 1
0 -6 2
2 -6 2
1 -6 2
0 -5 2
1 -5 2
-1 -5 3
-2 -6 3
-2 -5 3
-1 -6 3
2 -1 4
2 -2 4
-5 0 5
-4 0 5
-4 -6 6
-3 -5 6
-4 -5 6
-3 -6 6
-3 1 7
-2 1 7
-3 0 7
-3 2 7
1 -1 8
0 -2 8
0 -1 8
1 -2 8
1 2 9
1 1 9
0 2 9
2 0 10
2 1 10
-6 1 11
-6 2 11
-3 -1 12
-4 -1 12
1 0 13
0 0 13
-3 -2 14
-2 -2 14
-2 -3 14
-3 -3 14
-6 -1 15
-6 -2 15
-1 -4 16
-2 -4 16
0 -4 16
0 -3 16
-1 -3 16
-2 -1 17
-2 0 17
-5 -2 18
-4 -2 18
-1 2 19
-1 1 19
-2 2 19
1 -4 20
2 -5 20
2 -3 20
1 -3 20
2 -4 20
-4 -3 21
-4 -4 21
-3 -4 21
0 1 22
-5 -5 23
-6 -4 23
-5 -4 23
-6 -5 23
-6 0 24
-6 -6 25
-5 -3 26
-6 -3 26
-5 -1 27
-5 -6 28
-1 -1 29
-1 -2 29
-1 0 29
2 2 30
-4.48 1.32 0
0.94368 -5.67616 0
-1.384 -5.584 0
2 -1.48 0
-4.6 0 0
-3.52 -5.32 0
-2.68 0.8 0
0.5648 -1.4672 0
0.586667 1.62667 0
2 0.6 0
-6 1.6 0
-3.52 -1 0
0.52 0 0
-2.32 -2.52 0
-6 -1.52 0
-0.748864 -3.50893 0
-2 -0.6 0
-4.5 -2 0
-1.33067 1.70133 0
1.47616 -3.69248 0
-3.73333 -3.73333 0
0 1 0
-5.4672 -4.5648 0
-6 0 0
-6 -6 0
-5.48 -3 0
-5 -1 0
-5 -6 0
-1 -1.2 0
2 2 0

-5 1 1
-4 1 1
-4 2 1
-5 2 1
0 -6 2
2 -6 2
1 -6 2
0 -5 2
1 -5 2
-1 -5 3
-2 -6 3
-2 -5 3
-1 -6 3
2 -1 4
2 -2 4
-5 0 5
-4 0 5
-4 -6 6
-3 -5 6
-4 -5 6
-3 -6 6
-3 1 7
-2 1 7
-3 0 7
-3 2 7
1 -1 8
0 -2 8
0 -1 8
1 -2 8
1 2 9
1 1 9
0 2 9
2 0 10
2 1 10
-6 1 11
-6 2 11
-3 -1 12
-4 -1 12
1 0 13
0 0 13
-3 -2 14
-2 -2 14
-2 -3 14
-3 -3 14
-6 -1 15
-6 -2 15
-1 -4 16
-2 -4 16
0 -4 16
0 -3 16
-1 -3 16
-2 -1 17
-2 0 17
-5 -2 18
-4 -2 18
-1 2 19
-1 1 19
-2 2 19
1 -4 20
2 -5 20
2 -3 20
1 -3 20
2 -4 20
-4 -3 21
-4 -4 21
-3 -4 21
0 1 22
-5 -5 23
-6 -4 23
-5 -4 23
-6 -5 23
-6 0 24
-6 -6 25
-5 -3 26
-6 -3 26
-5 -1 27
-5 -6 28
-1 -1 29
-1 -2 29
-1 0 29
2 2 30
-4.48 1.32 0
0.94368 -5.67616 0
-1.384 -5.584 0
2 -1.48 0
-4.6 0 0
-3.616 -5.456 0
-2.68 0.8 0
0.5648 -1.4672 0
0.586667 1.62667 0
2 0.6 0
-6 1.6 0
-3.52 -1 0
0.52 0 0
-2.32 -2.52 0
-6 -1.52 0
-0.748864 -3.50893 0
-2 -0.6 0
-4.5 -2 0
-1.33067 1.70133 0
1.47616 -3.69248 0
-3.73333 -3.73333 0
0 1 0
-5.4672 -4.5648 0
-6 0 0
-6 -6 0
-5.48 -3 0
-5 -1 0
-5 -6 0
-1 -1.2 0
2 2 0

-5 1 1
-4 1 1
-4 2 1
-5 2 1
0 -6 2
2 -6 2
1 -6 2
0 -5 2
1 -5 2
-1 -5 3
-2 -6 3
-2 -5 3
-1 -6 3
2 -1 4
2 -2 4
-5 0 5
-4 0 5
-4 -6 6
-3 -5 6
-4 -5 6
-3 -6 6
-3 1 7
-2 1 7
-3 0 7
-3 2 7
1 -1 8
0 -2 8
0 -1 8
1 -2 8
1 2 9
1 1 9
0 2 9
2 0 10
2 1 10
-6 1 11
-6 2 11
-3 -1 12
-4 -1 12
1 0 13
0 0 13
-3 -2 14
-2 -2 14
-2 -3 14
-3 -3 14
-6 -1 15
-6 -2 15
-1 -4 16
-2 -4 16
0 -4 16
0 -3 16
-1 -3 16
-2 -1 17
-2 0 17
-5 -2 18
-4 -2 18
-1 2 19
-1 1 19
-2 2 19
1 -4 20
2 -5 20
2 -3 20
1 -3 20
2 -4 20
-4 -3 21
-4 -4 21
-3 -4 21
0 1 22
-5 -5 23
-6 -4 23
-5 -4 23
-6 -5 23
-6 0 24
-6 -6 25
-5 -3 26
-6 -3 26
-5 -1 27
-5 -6 28
-1 -1 29
-1 -2 29
-1 0 29
2 2 30
-4.48 1.32 0
0.94368 -5.67616 0
-1.384 -5.584 0
2 -1.48 0
-4.6 0 0
-3.616 -5.456 0
-2.68 0.8 0
0.5648 -1.4672 0
0.586667 1.62667 0
2 0.6 0
-6 1.6 0
-3.52 -1 0
0.52 0 0
-2.32 -2.52 0
-6 -1.52 0
-0.748864 -3.50893 0
-2 -0.6 0
-4.4 -2 0
-1.33067 1.70133 0
1.47616 -3.69248 0
-3.73333 -3.73333 0
0 1 0
-5.4672 -4.5648 0
-6 0 0
-6 -6 0
-5.48 -3 0
-5 -1 0
-5 -6 0
-1 -1.2 0
2 2 0

-5 1 1
-4 1 1
-4 2 1
-5 2 1
0 -6 2
2 -6 2
1 -6 2
0 -5 2
1 -5 2
-1 -5 3
-2 -6 3
-2 -5 3
-1 -6 3
2 -1 4
2 -2 4
-5 0 5
-4 0 5
-4 -6 6
-3 -5 6
-4 -5 6
-3 -6 6
-3 1 7
-2 1 7
-3 0 7
-3 2 7
1 -1 8
0 -2 8
0 -1 8
1 -2 8
1 2 9
1 1 9
0 2 9
2 0 10
2 1 10
-6 1 11
-6 2 11
-3 -1 12
-4 -1 12
1 0 13
0 0 13
-3 -2 14
-2 -2 14
-2 -3 14
-3 -3 14
-6 -1 15
-6 -2 15
-1 -4 16
-2 -4 16
0 -4 16
0 -3 16
-1 -3 16
-2 -1 17
-2 0 17
-5 -2 18
-4 -2 18
-1 2 19
-1 1 19
-2 2 19
1 -4 20
2 -5 20
2 -3 20
1 -3 20
2 -4 20
-4 -3 21
-4 -4 21
-3 -4 21
0 1 22
-5 -5 23
-6 -4 23
-5 -4 23
-6 -5 23
-6 0 24
-6 -6 25
-5 -3 26
-6 -3 26
-5 -1 27
-5 -6 28
-1 -1 29
-1 -2 29
-1 0 29
2 2 30
-4.48 1.32 0
0.94368 -5.67616 0
-1.384 -5.584 0
2 -1.48 0
-4.6 0 0
-3.616 -5.456 0
-2.68 0.8 0
0.5648 -1.4672 0
0.586667 1.62667 0
2 0.6 0
-6 1.6 0
-3.52 -1 0
0.52 0 0
-2.32 -2.52 0
-6 -1.52 0
-0.748864 -3.50893 0
-2 -0.6 0
-4.4 -2 0
-1.33067 1.70133 0
1.58093 -3.75398 0
-3.73333 -3.73333 0
0 1 0
-5.4672 -4.5648 0
-6 0 0
-6 -6 0
-5.48 -3 0
-5 -1 0
-5 -6 0
-1 -1.2 0
2 2 0

-5 1 1
-4 1 1
-4 2 1
-5 2 1
0 -6 2
2 -6 2
1 -6 2
0 -5 2
1 -5 2
-1 -5 3
-2 -6 3
-2 -5 3
-1 -6 3
2 -1 4
2 -2 4
-5 0 5
-4 0 5
-4 -6 6
-3 -5 6
-4 -5 6
-3 -6 6
-3 1 7
-2 1 7
-3 0 7
-3 2 7
1 -1 8
0 -2 8
0 -1 8
1 -2 8
1 2 9
1 1 9
0 2 9
2 0 10
2 1 10
-6 1 11
-6 2 11
-3 -1 12
-4 -1 12
1 0 13
0 0 13
-3 -2 14
-2 -2 14
-2 -3 14
-3 -3 14
-6 -1 15
-6 -2 15
-1 -4 16
-2 -4 16
0 -4 16
0 -3 16
-1 -3 16
-2 -1 17
-2 0 17
-5 -2 18
-4 -2 18
-1 2 19
-1 1 19
-2 2 19
1 -4 20
2 -5 20
2 -3 20
1 -3 20
2 -4 20
-4 -3 21
-4 -4 21
-3 -4 21
0 1 22
-5 -5 23
-6 -4 23
-5 -4 23
-6 -5 23
-6 0 24
-6 -6 25
-5 -3 26
-6 -3 26
-5 -1 27
-5 -6 28
-1 -1 29
-1 -2 29
-1 0 29
2 2 30
-4.48 1.32 0
0.754944 -5.54093 0
-1.384 -5.584 0
2 -1.48 0
-4.6 0 0
-3.616 -5.456 0
-2.68 0.8 0
0.5648 -1.4672 0
0.586667 1.62667 0
2 0.6 0
-6 1.6 0
-3.52 -1 0
0.52 0 0
-2.32 -2.52 0
-6 -1.52 0
-0.748864 -3.50893 0
-2 -0.6 0
-4.4 -2 0
-1.33067 1.70133 0
1.58093 -3.75398 0
-3.73333 -3.73333 0
0 1 0
-5.4672 -4.5648 0
-6 0 0
-6 -6 0
-5.48 -3 0
-5 -1 0
-5 -6 0
-1 -1.2 0
2 2 0

-5 1 1
-4 1 1
-4 2 1
-5 2 1
0 -6 2
2 -6 2
1 -6 2
0 -5 2
1 -5 2
-1 -5 3
-2 -6 3
-2 -5 3
-1 -6 3
2 -1 4
2 -2 4
-5 0 5
-4 0 5
-4 -6 6
-3 -5 6
-4 -5 6
-3 -6 6
-3 1 7
-2 1 7
-3 0 7
-3 2 7
1 -1 8
0 -2 8
0 -1 8
1 -2 8
1 2 9
1 1 9
0 2 9
2 0 10
2 1 10
-6 1 11
-6 2 11
-3 -1 12
-4 -1 12
1 0 13
0 0 13
-3 -2 14
-2 -2 14
-2 -3 14
-3 -3 14
-6 -1 15
-6 -2 15
-1 -4 16
-2 -4 16
0 -4 16
0 -3 16
-1 -3 16
-2 -1 17
-2 0 17
-5 -2 18
-4 -2 18
-1 2 19
-1 1 19
-2 2 19
1 -4 20
2 -5 20
2 -3 20
1 -3 20
2 -4 20
-4 -3 21
-4 -4 21
-3 -4 21
0 1 22
-5 -5 23
-6 -4 23
-5 -4 23
-6 -5 23
-6 0 24
-6 -6 25
-5 -3 26
-6 -3 26
-5 -1 27
-5 -6 28
-1 -1 29
-1 -2 29
-1 0 29
2 2 30
-4.48 1.32 0
0.754944 -5.54093 0
-1.384 -5.584 0
2 -1.48 0
-4.6 0 0
-3.616 -5.456 0
-2.68 0.8 0
0.5648 -1.4672 0
0.669333 1.70133 0
2 0.6 0
-6 1.6 0
-3.52 -1 0
0.52 0 0
-2.32 -2.52 0
-6 -1.52 0
-0.748864 -3.50893 0
-2 -0.6 0
-4.4 -2 0
-1.33067 1.70133 0
1.58093 -3.75398 0
-3.73333 -3.73333 0
0 1 0
-5.4672 -4.5648 0
-6 0 0
-6 -6 0
-5.48 -3 0
-5 -1 0
-5 -6 0
-1 -1.2 0
2 2 0

-5 1 1
-4 1 1
-4 2 1
-5 2 1
0 -6 2
2 -6 2
1 -6 2
0 -5 2
1 -5 2
-1 -5 3
-2 -6 3
-2 -5 3
-1 -6 3
2 -1 4
2 -2 4
-5 0 5
-4 0 5
-4 -6 6
-3 -5 6
-4 -5 6
-3 -6 6
-3 1 7
-2 1 7
-3 0 7
-3 2 7
1 -1 8
0 -2 8
0 -1 8
1 -2 8
1 2 9
1 1 9
0 2 9
2 0 10
2 1 10
-6 1 11
-6 2 11
-3 -1 12
-4 -1 12
1 0 13
0 0 13
-3 -2 14
-2 -2 14
-2 -3 14
-3 -3 14
-6 -1 15
-6 -2 15
-1 -4 16
-2 -4 16
0 -4 16
0 -3 16
-1 -3 16
-2 -1 17
-2 0 17
-5 -2 18
-4 -2 18
-1 2 19
-1 1 19
-2 2 19
1 -4 20
2 -5 20
2 -3 20
1 -3 20
2 -4 20
-4 -3 21
-4 -4 21
-3 -4 21
0 1 22
-5 -5 23
-6 -4 23
-5 -4 23
-6 -5 23
-6 0 24
-6 -6 25
-5 -3 26
-6 -3 26
-5 -1 27
-5 -6 28
-1 -1 29
-1 -2 29
-1 0 29
2 2 30
-4.48 1.32 0
0.754944 -5.54093 0
-1.384 -5.584 0
2 -1.48 0
-4.6 0 0
-3.616 -5.456 0
-2.68 0.8 0
0.5648 -1.4672 0
0.669333 1.70133 0
2 0.6 0
-6 1.6 0
-3.52 -1 0
0.52 0 0
-2.32 -2.52 0
-6 -1.52 0
-0.748864 -3.50893 0
-2 -0.48 0
-4.4 -2 0
-1.33067 1.70133 0
1.58093 -3.75398 0
-3.73333 -3.73333 0
0 1 0
-5.4672 -4.5648 0
-6 0 0
-6 -6 0
-5.48 -3 0
-5 -1 0
-5 -6 0
-1 -1.2 0
2 2 0

-5 1 1
-4 1 1
-4 2 1
-5 2 1
0 -6 2
2 -6 2
1 -6 2
0 -5 2
1 -5 2
-1 -5 3
-2 -6 3
-2 -5 3
-1 -6 3
2 -1 4
2 -2 4
-5 0 5
-4 0 5
-4 -6 6
-3 -5 6
-4 -5 6
-3 -6 6
-3 1 7
-2 1 7
-3 0 7
-3 2 7
1 -1 8
0 -2 8
0 -1 8
1 -2 8
1 2 9
1 1 9
0 2 9
2 0 10
2 1 10
-6 1 11
-6 2 11
-3 -1 12
-4 -1 12
1 0 13
0 0 13
-3 -2 14
-2 -2 14
-2 -3 14
-3 -3 14
-6 -1 15
-6 -2 15
-1 -4 16
-2 -4 16
0 -4 16
0 -3 16
-1 -3 16
-2 -1 17
-2 0 17
-5 -2 18
-4 -2 18
-1 2 19
-1 1 19
-2 2 19
1 -4 20
2 -5 20
2 -3 20
1 -3 20
2 -4 20
-4 -3 21
-4 -4 21
-3 -4 21
0 1 22
-5 -5 23
-6 -4 23
-5 -4 23
-6 -5 23
-6 0 24
-6 -6 25
-5 -3 26
-6 -3 26
-5 -1 27
-5 -6 28
-1 -1 29
-1 -2 29
-1 0 29
2 2 30
-4.48 1.32 0
0.754944 -5.54093 0
-1.384 -5.584 0
2 -1.48 0
-4.48 0 0
-3.616 -5.456 0
-2.68 0.8 0
0.5648 -1.4672 0
0.669333 1.70133 0
2 0.6 0
-6 1.6 0
-3.52 -1 0
0.52 0 0
-2.32 -2.52 0
-6 -1.52 0
-0.748864 -3.50893 0
-2 -0.48 0
-4.4 -2 0
-1.33067 1.70133 0
1.58093 -3.75398 0
-3.73333 -3.73333 0
0 1 0
-5.4672 -4.5648 0
-6 0 0
-6 -6 0
-5.48 -3 0
-5 -1 0
-5 -6 0
-1 -1.2 0
2 2 0

-5 1 1
-4 1 1
-4 2 1
-5 2 1
0 -6 2
2 -6 2
1 -6 2
0 -5 2
1 -5 2
-1 -5 3
-2 -6 3
-2 -5 3
-1 -6 3
2 -1 4
2 -2 4
-5 0 5
-4 0 5
-4 -6 6
-3 -5 6
-4 -5 6
-3 -6 6
-3 1 7
-2 1 7
-3 0 7
-3 2 7
1 -1 8
0 -2 8
0 -1 8
1 -2 8
1 2 9
1 1 9
0 2 9
2 0 10
2 1 10
-6 1 11
-6 2 11
-3 -1 12
-4 -1 12
1 0 13
0 0 13
-3 -2 14
-2 -2 14
-2 -3 14
-3 -3 14
-6 -1 15
-6 -2 15
-1 -4 16
-2 -4 16
0 -4 16
0 -3 16
-1 -3 16
-2 -1 17
-2 0 17
-5 -2 18
-4 -2 18
-1 2 19
-1 1 19
-2 2 19
1 -4 20
2 -5 20
2 -3 20
1 -3 20
2 -4 20
-4 -3 21
-4 -4 21
-3 -4 21
0 1 22
-5 -5 23
-6 -4 23
-5 -4 23
-6 -5 23
-6 0 24
-6 -6 25
-5 -3 26
-6 -3 26
-5 -1 27
-5 -6 28
-1 -1 29
-1 -2 29
-1 0 29
2 2 30
-4.48 1.32 0
0.754944 -5.54093 0
-1.384 -5.584 0
2 -1.48 0
-4.48 0 0
-3.616 -5.456 0
-2.68 0.8 0
0.5648 -1.4672 0
0.669333 1.70133 0
2 0.6 0
-6 1.6 0
-3.52 -1 0
0.52 0 0
-2.32 -2.52 0
-6 -1.52 0
-0.748864 -3.50893 0
-2 -0.48 0
-4.4 -2 0
-1.33067 1.70133 0
1.58093 -3.75398 0
-3.58667 -3.78667 0
0 1 0
-5.4672 -4.5648 0
-6 0 0
-6 -6 0
-5.48 -3 0
-5 -1 0
-5 -6 0
-1 -1.2 0
2 2 0

-5 1 1
-4 1 1
-4 2 1
-5 2 1
0 -6 2
2 -6 2
1 -6 2
0 -5 2
1 -5 2
-1 -5 3
-2 -6 3
-2 -5 3
-1 -6 3
2 -1 4
2 -2 4
-5 0 5
-4 0 5
-4 -6 6
-3 -5 6
-4 -5 6
-3 -6 6
-3 1 7
-2 1 7
-3 0 7
-3 2 7
1 -1 8
0 -2 8
0 -1 8
1 -2 8
1 2 9
1 1 9
0 2 9
2 0 10
2 1 10
-6 1 11
-6 2 11
-3 -1 12
-4 -1 12
1 0 13
0 0 13
-3 -2 14
-2 -2 14
-2 -3 14
-3 -3 14
-6 -1 15
-6 -2 15
-1 -4 16
-2 -4 16
0 -4 16
0 -3 16
-1 -3 16
-2 -1 17
-2 0 17
-5 -2 18
-4 -2 18
-1 2 19
-1 1 19
-2 2 19
1 -4 20
2 -5 20
2 -3 20
1 -3 20
2 -4 20
-4 -3 21
-4 -4 21
-3 -4 21
0 1 22
-5 -5 23
-6 -4 23
-5 -4 23
-6 -5 23
-6 0 24
-6 -6 25
-5 -3 26
-6 -3 26
-5 -1 27
-5 -6 28
-1 -1 29
-1 -2 29
-1 0 29
2 2 30
-4.48 1.32 0
0.754944 -5.54093 0
-1.384 -5.584 0
2 -1.48 0
-4.48 0 0
-3.616 -5.456 0
-2.68 0.8 0
0.5648 -1.4672 0
0.669333 1.70133 0
2 0.6 0
-6 1.6 0
-3.52 -1 0
0.52 0 0
-2.32 -2.52 0
-6 -1.52 0
-0.748864 -3.50893 0
-2 -0.48 0
-4.4 -2 0
-1.33067 1.70133 0
1.58093 -3.75398 0
-3.66933 -3.62933 0
0 1 0
-5.4672 -4.5648 0
-6 0 0
-6 -6 0
-5.48 -3 0
-5 -1 0
-5 -6 0
-1 -1.2 0
2 2 0

-5 1 1
-4 1 1
-4 2 1
-5 2 1
0 -6 2
2 -6 2
1 -6 2
0 -5 2
1 -5 2
-1 -5 3
-2 -6 3
-2 -5 3
-1 -6 3
2 -1 4
2 -2 4
-5 0 5
-4 0 5
-4 -6 6
-3 -5 6
-4 -5 6
-3 -6 6
-3 1 7
-2 1 7
-3 0 7
-3 2 7
1 -1 8
0 -2 8
0 -1 8
1 -2 8
1 2 9
1 1 9
0 2 9
2 0 10
2 1 10
-6 1 11
-6 2 11
-3 -1 12
-4 -1 12
1 0 13
0 0 13
-3 -2 14
-2 -2 14
-2 -3 14
-3 -3 14
-6 -1 15
-6 -2 15
-1 -4 16
-2 -4 16
0 -4 16
0 -3 16
-1 -3 16
-2 -1 17
-2 0 17
-5 -2 18
-4 -2 18
-1 2 19
-1 1 19
-2 2 19
1 -4 20
2 -5 20
2 -3 20
1 -3 20
2 -4 20
-4 -3 21
-4 -4 21
-3 -4 21
0 1 22
-5 -5 23
-6 -4 23
-5 -4 23
-6 -5 23
-6 0 24
-6 -6 25
-5 -3 26
-6 -3 26
-5 -1 27
-5 -6 28
-1 -1 29
-1 -2 29
-1 0 29
2 2 30
-4.48 1.32 0
0.754944 -5.54093 0
-1.384 -5.584 0
2 -1.48 0
-4.48 0 0
-3.616 -5.456 0
-2.68 0.8 0
0.5648 -1.4672 0
0.669333 1.70133 0
2 0.6 0
-6 1.6 0
-3.52 -1 0
0.52 0 0
-2.456 -2.616 0
-6 -1.52 0
-0.748864 -3.50893 0
-2 -0.48 0
-4.4 -2 0
-1.33067 1.70133 0
1.58093 -3.75398 0
-3.66933 -3.62933 0
0 1 0
-5.4672 -4.5648 0
-6 0 0
-6 -6 0
-5.48 -3 0
-5 -1 0
-5 -6 0
-1 -1.2 0
2 2 0

-5 1 1
-4 1 1
-4 2 1
-5 2 1
0 -6 2
2 -6 2
1 -6 2
0 -5 2
1 -5 2
-1 -5 3
-2 -6 3
-2 -5 3
-1 -6 3
2 -1 4
2 -2 4
-5 0 5
-4 0 5
-4 -6 6
-3 -5 6
-4 -5 6
-3 -6 6
-3 1 7
-2 1 7
-3 0 7
-3 2 7
1 -1 8
0 -2 8
0 -1 8
1 -2 8
1 2 9
1 1 9
0 2 9
2 0 10
2 1 10
-6 1 11
-6 2 11
-3 -1 12
-4 -1 12
1 0 13
0 0 13
-3 -2 14
-2 -2 14
-2 -3 14
-3 -3 14
-6 -1 15
-6 -2 15
-1 -4 16
-2 -4 16
0 -4 16
0 -3 16
-1 -3 16
-2 -1 17
-2 0 17
-5 -2 18
-4 -2 18
-1 2 19
-1 1 19
-2 2 19
1 -4 20
2 -5 20
2 -3 20
1 -3 20
2 -4 20
-4 -3 21
-4 -4 21
-3 -4 21
0 1 22
-5 -5 23
-6 -4 23
-5 -4 23
-6 -5 23
-6 0 24
-6 -6 25
-5 -3 26
-6 -3 26
-5 -1 27
-5 -6 28
-1 -1 29
-1 -2 29
-1 0 29
2 2 30
-4.48 1.32 0
0.754944 -5.54093 0
-1.384 -5.584 0
2 -1.48 0
-4.48 0 0
-3.616 -5.456 0
-2.68 0.8 0
0.5648 -1.4672 0
0.669333 1.70133 0
2 0.6 0
-6 1.6 0
-3.52 -1 0
0.52 0 0
-2.5648 -2.4928 0
-6 -1.52 0
-0.748864 -3.50893 0
-2 -0.48 0
-4.4 -2 0
-1.33067 1.70133 0
1.58093 -3.75398 0
-3.66933 -3.62933 0
0 1 0
-5.4672 -4.5648 0
-6 0 0
-6 -6 0
-5.48 -3 0
-5 -1 0
-5 -6 0
-1 -1.2 0
2 2 0

-5 1 1
-4 1 1
-4 2 1
-5 2 1
0 -6 2
2 -6 2
1 -6 2
0 -5 2
1 -5 2
-1 -5 3
-2 -6 3
-2 -5 3
-1 -6 3
2 -1 4
2 -2 4
-5 0 5
-4 0 5
-4 -6 6
-3 -5 6
-4 -5 6
-3 -6 6
-3 1 7
-2 1 7
-3 0 7
-3 2 7
1 -1 8
0 -2 8
0 -1 8
1 -2 8
1 2 9
1 1 9
0 2 9
2 0 10
2 1 10
-6 1 11
-6 2 11
-3 -1 12
-4 -1 12
1 0 13
0 0 13
-3 -2 14
-2 -2 14
-2 -3 14
-3 -3 14
-6 -1 15
-6 -2 15
-1 -4 16
-2 -4 16
0 -4 16
0 -3 16
-1 -3 16
-2 -1 17
-2 0 17
-5 -2 18
-4 -2 18
-1 2 19
-1 1 19
-2 2 19
1 -4 20
2 -5 20
2 -3 20
1 -3 20
2 -4 20
-4 -3 21
-4 -4 21
-3 -4 21
0 1 22
-5 -5 23
-6 -4 23
-5 -4 23
-6 -5 23
-6 0 24
-6 -6 25
-5 -3 26
-6 -3 26
-5 -1 27
-5 -6 28
-1 -1 29
-1 -2 29
-1 0 29
2 2 30
-4.384 1.456 0
0.754944 -5.54093 0
-1.384 -5.584 0
2 -1.48 0
-4.48 0 0
-3.616 -5.456 0
-2.68 0.8 0
0.5648 -1.4672 0
0.669333 1.70133 0
2 0.6 0
-6 1.6 0
-3.52 -1 0
0.52 0 0
-2.5648 -2.4928 0
-6 -1.52 0
-0.748864 -3.50893 0
-2 -0.48 0
-4.4 -2 0
-1.33067 1.70133 0
1.58093 -3.75398 0
-3.66933 -3.62933 0
0 1 0
-5.4672 -4.5648 0
-6 0 0
-6 -6 0
-5.48 -3 0
-5 -1 0
-5 -6 0
-1 -1.2 0
2 2 0

-5 1 1
-4 1 1
-4 2 1
-5 2 1
0 -6 2
2 -6 2
1 -6 2
0 -5 2
1 -5 2
-1 -5 3
-2 -6 3
-2 -5 3
-1 -6 3
2 -1 4
2 -2 4
-5 0 5
-4 0 5
-4 -6 6
-3 -5 6
-4 -5 6
-3 -6 6
-3 1 7
-2 1 7
-3 0 7
-3 2 7
1 -1 8
0 -2 8
0 -1 8
1 -2 8
1 2 9
1 1 9
0 2 9
2 0 10
2 1 10
-6 1 11
-6 2 11
-3 -1 12
-4 -1 12
1 0 13
0 0 13
-3 -2 14
-2 -2 14
-2 -3 14
-3 -3 14
-6 -1 15
-6 -2 15
-1 -4 16
-2 -4 16
0 -4 16
0 -3 16
-1 -3 16
-2 -1 17
-2 0 17
-5 -2 18
-4 -2 18
-1 2 19
-1 1 19
-2 2 19
1 -4 20
2 -5 20
2 -3 20
1 -3 20
2 -4 20
-4 -3 21
-4 -4 21
-3 -4 21
0 1 22
-5 -5 23
-6 -4 23
-5 -4 23
-6 -5 23
-6 0 24
-6 -6 25
-5 -3 26
-6 -3 26
-5 -1 27
-5 -6 28
-1 -1 29
-1 -2 29
-1 0 29
2 2 30
-4.384 1.456 0
0.754944 -5.54093 0
-1.384 -5.584 0
2 -1.48 0
-4.48 0 0
-3.616 -5.456 0
-2.68 0.8 0
0.5648 -1.4672 0
0.669333 1.70133 0
2 0.6 0
-6 1.6 0
-3.52 -1 0
0.52 0 0
-2.5648 -2.4928 0
-6 -1.52 0
-0.748864 -3.50893 0
-1.8 -0.384 0
-4.4 -2 0
-1.33067 1.70133 0
1.58093 -3.75398 0
-3.66933 -3.62933 0
0 1 0
-5.4672 -4.5648 0
-6 0 0
-6 -6 0
-5.48 -3 0
-5 -1 0
-5 -6 0
-1 -1.2 0
2 2 0

-5 1 1
-4 1 1
-4 2 1
-5 2 1
0 -6 2
2 -6 2
1 -6 2
0 -5 2
1 -5 2
-1 -5 3
-2 -6 3
-2 -5 3
-1 -6 3
2 -1 4
2 -2 4
-5 0 5
-4 0 5
-4 -6 6
-3 -5 6
-4 -5 6
-3 -6 6
-3 1 7
-2 1 7
-3 0 7
-3 2 7
1 -1 8
0 -2 8
0 -1 8
1 -2 8
1 2 9
1 1 9
0 2 9
2 0 10
2 1 10
-6 1 11
-6 2 11
-3 -1 12
-4 -1 12
1 0 13
0 0 13
-3 -2 14
-2 -2 14
-2 -3 14
-3 -3 14
-6 -1 15
-6 -2 15
-1 -4 16
-2 -4 16
0 -4 16
0 -3 16
-1 -3 16
-2 -1 17
-2 0 17
-5 -2 18
-4 -2 18
-1 2 19
-1 1 19
-2 2 19
1 -4 20
2 -5 20
2 -3 20
1 -3 20
2 -4 20
-4 -3 21
-4 -4 21
-3 -4 21
0 1 22
-5 -5 23
-6 -4 23
-5 -4 23
-6 -5 23
-6 0 24
-6 -6 25
-5 -3 26
-6 -3 26
-5 -1 27
-5 -6 28
-1 -1 29
-1 -2 29
-1 0 29
2 2 30
-4.384 1.456 0
0.754944 -5.54093 0
-1.384 -5.584 0
2 -1.48 0
-4.48 0 0
-3.616 -5.456 0
-2.744 1.04 0
0.5648 -1.4672 0
0.669333 1.70133 0
2 0.6 0
-6 1.6 0
-3.52 -1 0
0.52 0 0
-2.5648 -2.4928 0
-6 -1.52 0
-0.748864 -3.50893 0
-1.8 -0.384 0
-4.4 -2 0
-1.33067 1.70133 0
1.58093 -3.75398 0
-3.66933 -3.62933 0
0 1 0
-5.4672 -4.5648 0
-6 0 0
-6 -6 0
-5.48 -3 0
-5 -1 0
-5 -6 0
-1 -1.2 0
2 2 0

-5 1 1
-4 1 1
-4 2 1
-5 2 1
0 -6 2
2 -6 2
1 -6 2
0 -5 2
1 -5 2
-1 -5 3
-2 -6 3
-2 -5 3
-1 -6 3
2 -1 4
2 -2 4
-5 0 5
-4 0 5
-4 -6 6
-3 -5 6
-4 -5 6
-3 -6 6
-3 1 7
-2 1 7
-3 0 7
-3 2 7
1 -1 8
0 -2 8
0 -1 8
1 -2 8
1 2 9
1 1 9
0 2 9
2 0 10
2 1 10
-6 1 11
-6 2 11
-3 -1 12
-4 -1 12
1 0 13
0 0 13
-3 -2 14
-2 -2 14
-2 -3 14
-3 -3 14
-6 -1 15
-6 -2 15
-1 -4 16
-2 -4 16
0 -4 16
0 -3 16
-1 -3 16
-2 -1 17
-2 0 17
-5 -2 18
-4 -2 18
-1 2 19
-1 1 19
-2 2 19
1 -4 20
2 -5 20
2 -3 20
1 -3 20
2 -4 20
-4 -3 21
-4 -4 21
-3 -4 21
0 1 22
-5 -5 23
-6 -4 23
-5 -4 23
-6 -5 23
-6 0 24
-6 -6 25
-5 -3 26
-6 -3 26
-5 -1 27
-5 -6 28
-1 -1 29
-1 -2 29
-1 0 29
2 2 30
-4.384 1.456 0
0.754944 -5.54093 0
-1.384 -5.584 0
2 -1.48 0
-4.48 0 0
-3.616 -5.456 0
-2.744 1.04 0
0.5648 -1.4672 0
0.669333 1.70133 0
2 0.48 0
-6 1.6 0
-3.52 -1 0
0.52 0 0
-2.5648 -2.4928 0
-6 -1.52 0
-0.748864 -3.50893 0
-1.8 -0.384 0
-4.4 -2 0
-1.33067 1.70133 0
1.58093 -3.75398 0
-3.66933 -3.62933 0
0 1 0
-5.4672 -4.5648 0
-6 0 0
-6 -6 0
-5.48 -3 0
-5 -1 0
-5 -6 0
-1 -1.2 0
2 2 0

-5 1 1
-4 1 1
-4 2 1
-5 2 1
0 -6 2
2 -6 2
1 -6 2
0 -5 2
1 -5 2
-1 -5 3
-2 -6 3
-2 -5 3
-1 -6 3
2 -1 4
2 -2 4
-5 0 5
-4 0 5
-4 -6 6
-3 -5 6
-4 -5 6
-3 -6 6
-3 1 7
-2 1 7
-3 0 7
-3 2 7
1 -1 8
0 -2 8
0 -1 8
1 -2 8
1 2 9
1 1 9
0 2 9
2 0 10
2 1 10
-6 1 11
-6 2 11
-3 -1 12
-4 -1 12
1 0 13
0 0 13
-3 -2 14
-2 -2 14
-2 -3 14
-3 -3 14
-6 -1 15
-6 -2 15
-1 -4 16
-2 -4 16
0 -4 16
0 -3 16
-1 -3 16
-2 -1 17
-2 0 17
-5 -2 18
-4 -2 18
-1 2 19
-1 1 19
-2 2 19
1 -4 20
2 -5 20
2 -3 20
1 -3 20
2 -4 20
-4 -3 21
-4 -4 21
-3 -4 21
0 1 22
-5 -5 23
-6 -4 23
-5 -4 23
-6 -5 23
-6 0 24
-6 -6 25
-5 -3 26
-6 -3 26
-5 -1 27
-5 -6 28
-1 -1 29
-1 -2 29
-1 0 29
2 2 30
-4.384 1.456 0
0.754944 -5.54093 0
-1.384 -5.584 0
2 -1.48 0
-4.48 0 0
-3.616 -5.456 0
-2.744 1.04 0
0.5648 -1.4672 0
0.669333 1.70133 0
2 0.48 0
-6 1.6 0
-3.52 -1 0
0.52 0 0
-2.5648 -2.4928 0
-6 -1.52 0
-0.748864 -3.50893 0
-1.8 -0.384 0
-4.4 -2 0
-1.33067 1.70133 0
1.58093 -3.75398 0
-3.66933 -3.62933 0
0 1 0
-5.4672 -4.5648 0
-6 0 0
-6 -6 0
-5.48 -3 0
-5 -1 0
-5 -6 0
-1 -1.2 0
2 2 0

-5 1 1
-4 1 1
-4 2 1
-5 2 1
0 -6 2
2 -6 2
1 -6 2
0 -5 2
1 -5 2
-1 -5 3
-2 -6 3
-2 -5 3
-1 -6 3
2 -1 4
2 -2 4
-5 0 5
-4 0 5
-4 -6 6
-3 -5 6
-4 -5 6
-3 -6 6
-3 1 7
-2 1 7
-3 0 7
-3 2 7
1 -1 8
0 -2 8
0 -1 8
1 -2 8
1 2 9
1 1 9
0 2 9
2 0 10
2 1 10
-6 1 11
-6 2 11
-3 -1 12
-4 -1 12
1 0 13
0 0 13
-3 -2 14
-2 -2 14
-2 -3 14
-3 -3 14
-6 -1 15
-6 -2 15
-1 -4 16
-2 -4 16
0 -4 16
0 -3 16
-1 -3 16
-2 -1 17
-2 0 17
-5 -2 18
-4 -2 18
-1 2 19
-1 1 19
-2 2 19
1 -4 20
2 -5 20
2 -3 20
1 -3 20
2 -4 20
-4 -3 21
-4 -4 21
-3 -4 21
0 1 22
-5 -5 23
-6 -4 23
-5 -4 23
-6 -5 23
-6 0 24
-6 -6 25
-5 -3 26
-6 -3 26
-5 -1 27
-5 -6 28
-1 -1 29
-1 -2 29
-1 0 29
2 2 30
-4.384 1.456 0
0.754944 -5.54093 0
-1.384 -5.584 0
2 -1.48 0
-4.48 0 0
-3.616 -5.456 0
-2.744 1.04 0
0.5648 -1.4672 0
0.669333 1.70133 0
2 0.48 0
-6 1.6 0
-3.52 -1 0
0.52 0 0
-2.5648 -2.4928 0
-6 -1.52 0
-0.748864 -3.50893 0
-1.8 -0.384 0
-4.52 -2 0
-1.33067 1.70133 0
1.58093 -3.75398 0
-3.66933 -3.62933 0
0 1 0
-5.4672 -4.5648 0
-6 0 0
-6 -6 0
-5.48 -3 0
-5 -1 0
-5 -6 0
-1 -1.2 0
2 2 0

-5 1 1
-4 1 1
-4 2 1
-5 2 1
0 -6 2
2 -6 2
1 -6 2
0 -5 2
1 -5 2
-1 -5 3
-2 -6 3
-2 -5 3
-1 -6 3
2 -1 4
2 -2 4
-5 0 5
-4 0 5
-4 -6 6
-3 -5 6
-4 -5 6
-3 -6 6
-3 1 7
-2 1 7
-3 0 7
-3 2 7
1 -1 8
0 -2 8
0 -1 8
1 -2 8
1 2 9
1 1 9
0 2 9
2 0 10
2 1 10
-6 1 11
-6 2 11
-3 -1 12
-4 -1 12
1 0 13
0 0 13
-3 -2 14
-2 -2 14
-2 -3 14
-3 -3 14
-6 -1 15
-6 -2 15
-1 -4 16
-2 -4 16
0 -4 16
0 -3 16
-1 -3 16
-2 -1 17
-2 0 17
-5 -2 18
-4 -2 18
-1 2 19
-1 1 19
-2 2 19
1 -4 20
2 -5 20
2 -3 20
1 -3 20
2 -4 20
-4 -3 21
-4 -4 21
-3 -4 21
0 1 22
-5 -5 23
-6 -4 23
-5 -4 23
-6 -5 23
-6 0 24
-6 -6 25
-5 -3 26
-6 -3 26
-5 -1 27
-5 -6 28
-1 -1 29
-1 -2 29
-1 0 29
2 2 30
-4.384 1.456 0
0.754944 -5.54093 0
-1.384 -5.584 0
2 -1.48 0
-4.48 0 0
-3.616 -5.456 0
-2.7952 1.032 0
0.5648 -1.4672 0
0.669333 1.70133 0
2 0.48 0
-6 1.6 0
-3.52 -1 0
0.52 0 0
-2.5648 -2.4928 0
-6 -1.52 0
-0.748864 -3.50893 0
-1.8 -0.384 0
-4.52 -2 0
-1.33067 1.70133 0
1.58093 -3.75398 0
-3.66933 -3.62933 0
0 1 0
-5.4672 -4.5648 0
-6 0 0
-6 -6 0
-5.48 -3 0
-5 -1 0
-5 -6 0
-1 -1.2 0
2 2 0

-5 1 1
-4 1 1
-4 2 1
-5 2 1
0 -6 2
2 -6 2
1 -6 2
0 -5 2
1 -5 2
-1 -5 3
-2 -6 3
-2 -5 3
-1 -6 3
2 -1 4
2 -2 4
-5 0 5
-4 0 5
-4 -6 6
-3 -5 6
-4 -5 6
-3 -6 6
-3 1 7
-2 1 7
-3 0 7
-3 2 7
1 -1 8
0 -2 8
0 -1 8
1 -2 8
1 2 9
1 1 9
0 2 9
2 0 10
2 1 10
-6 1 11
-6 2 11
-3 -1 12
-4 -1 12
1 0 13
0 0 13
-3 -2 14
-2 -2 14
-2 -3 14
-3 -3 14
-6 -1 15
-6 -2 15
-1 -4 16
-2 -4 16
0 -4 16
0 -3 16
-1 -3 16
-2 -1 17
-2 0 17
-5 -2 18
-4 -2 18
-1 2 19
-1 1 19
-2 2 19
1 -4 20
2 -5 20
2 -3 20
1 -3 20
2 -4 20
-4 -3 21
-4 -4 21
-3 -4 21
0 1 22
-5 -5 23
-6 -4 23
-5 -4 23
-6 -5 23
-6 0 24
-6 -6 25
-5 -3 26
-6 -3 26
-5 -1 27
-5 -6 28
-1 -1 29
-1 -2 29
-1 0 29
2 2 30
-4.5072 1.5648 0
0.754944 -5.54093 0
-1.384 -5.584 0
2 -1.48 0
-4.48 0 0
-3.616 -5.456 0
-2.7952 1.032 0
0.5648 -1.4672 0
0.669333 1.70133 0
2 0.48 0
-6 1.6 0
-3.52 -1 0
0.52 0 0
-2.5648 -2.4928 0
-6 -1.52 0
-0.748864 -3.50893 0
-1.8 -0.384 0
-4.52 -2 0
-1.33067 1.70133 0
1.58093 -3.75398 0
-3.66933 -3.62933 0
0 1 0
-5.4672 -4.5648 0
-6 0 0
-6 -6 0
-5.48 -3 0
-5 -1 0
-5 -6 0
-1 -1.2 0
2 2 0

-5 1 1
-4 1 1
-4 2 1
-5 2 1
0 -6 2
2 -6 2
1 -6 2
0 -5 2
1 -5 2
-1 -5 3
-2 -6 3
-2 -5 3
-1 -6 3
2 -1 4
2 -2 4
-5 0 5
-4 0 5
-4 -6 6
-3 -5 6
-4 -5 6
-3 -6 6
-3 1 7
-2 1 7
-3 0 7
-3 2 7
1 -1 8
0 -2 8
0 -1 8
1 -2 8
1 2 9
1 1 9
0 2 9
2 0 10
2 1 10
-6 1 11
-6 2 11
-3 -1 12
-4 -1 12
1 0 13
0 0 13
-3 -2 14
-2 -2 14
-2 -3 14
-3 -3 14
-6 -1 15
-6 -2 15
-1 -4 16
-2 -4 16
0 -4 16
0 -3 16
-1 -3 16
-2 -1 17
-2 0 17
-5 -2 18
-4 -2 18
-1 2 19
-1 1 19
-2 2 19
1 -4 20
2 -5 20
2 -3 20
1 -3 20
2 -4 20
-4 -3 21
-4 -4 21
-3 -4 21
0 1 22
-5 -5 23
-6 -4 23
-5 -4 23
-6 -5 23
-6 0 24
-6 -6 25
-5 -3 26
-6 -3 26
-5 -1 27
-5 -6 28
-1 -1 29
-1 -2 29
-1 0 29
2 2 30
-4.5072 1.5648 0
0.754944 -5.54093 0
-1.384 -5.584 0
2 -1.48 0
-4.48 0 0
-3.616 -5.456 0
-2.7952 1.032 0
0.5648 -1.4672 0
0.669333 1.70133 0
2 0.48 0
-6 1.48 0
-3.52 -1 0
0.52 0 0
-2.5648 -2.4928 0
-6 -1.52 0
-0.748864 -3.50893 0
-1.8 -0.384 0
-4.52 -2 0
-1.33067 1.70133 0
1.58093 -3.75398 0
-3.66933 -3.62933 0
0 1 0
-5.4672 -4.5648 0
-6 0 0
-6 -6 0
-5.48 -3 0
-5 -1 0
-5 -6 0
-1 -1.2 0
2 2 0

-5 1 1
-4 1 1
-4 2 1
-5 2 1
0 -6 2
2 -6 2
1 -6 2
0 -5 2
1 -5 2
-1 -5 3
-2 -6 3
-2 -5 3
-1 -6 3
2 -1 4
2 -2 4
-5 0 5
-4 0 5
-4 -6 6
-3 -5 6
-4 -5 6
-3 -6 6
-3 1 7
-2 1 7
-3 0 7
-3 2 7
1 -1 8
0 -2 8
0 -1 8
1 -2 8
1 2 9
1 1 9
0 2 9
2 0 10
2 1 10
-6 1 11
-6 2 11
-3 -1 12
-4 -1 12
1 0 13
0 0 13
-3 -2 14
-2 -2 14
-2 -3 14
-3 -3 14
-6 -1 15
-6 -2 15
-1 -4 16
-2 -4 16
0 -4 16
0 -3 16
-1 -3 16
-2 -1 17
-2 0 17
-5 -2 18
-4 -2 18
-1 2 19
-1 1 19
-2 2 19
1 -4 20
2 -5 20
2 -3 20
1 -3 20
2 -4 20
-4 -3 21
-4 -4 21
-3 -4 21
0 1 22
-5 -5 23
-6 -4 23
-5 -4 23
-6 -5 23
-6 0 24
-6 -6 25
-5 -3 26
-6 -3 26
-5 -1 27
-5 -6 28
-1 -1 29
-1 -2 29
-1 0 29
2 2 30
-4.5072 1.5648 0
0.754944 -5.54093 0
-1.384 -5.584 0
2 -1.48 0
-4.48 0 0
-3.616 -5.456 0
-2.7952 1.032 0
0.5648 -1.4672 0
0.669333 1.70133 0
2 0.48 0
-6 1.48 0
-3.52 -1 0
0.52 0 0
-2.5648 -2.4928 0
-6 -1.52 0
-0.748864 -3.50893 0
-1.8 -0.384 0
-4.52 -2 0
-1.33067 1.70133 0
1.58093 -3.75398 0
-3.66933 -3.62933 0
0 1 0
-5.4672 -4.5648 0
-6 0 0
-6 -6 0
-5.48 -3 0
-5 -1 0
-5 -6 0
-1 -1.2 0
2 2 0

-5 1 1
-4 1 1
-4 2 1
-5 2 1
0 -6 2
2 -6 2
1 -6 2
0 -5 2
1 -5 2
-1 -5 3
-2 -6 3
-2 -5 3
-1 -6 3
2 -1 4
2 -2 4
-5 0 5
-4 0 5
-4 -6 6
-3 -5 6
-4 -5 6
-3 -6 6
-3 1 7
-2 1 7
-3 0 7
-3 2 7
1 -1 8
0 -2 8
0 -1 8
1 -2 8
1 2 9
1 1 9
0 2 9
2 0 10
2 1 10
-6 1 11
-6 2 11
-3 -1 12
-4 -1 12
1 0 13
0 0 13
-3 -2 14
-2 -2 14
-2 -3 14
-3 -3 14
-6 -1 15
-6 -2 15
-1 -4 16
-2 -4 16
0 -4 16
0 -3 16
-1 -3 16
-2 -1 17
-2 0 17
-5 -2 18
-4 -2 18
-1 2 19
-1 1 19
-2 2 19
1 -4 20
2 -5 20
2 -3 20
1 -3 20
2 -4 20
-4 -3 21
-4 -4 21
-3 -4 21
0 1 22
-5 -5 23
-6 -4 23
-5 -4 23
-6 -5 23
-6 0 24
-6 -6 25
-5 -3 26
-6 -3 26
-5 -1 27
-5 -6 28
-1 -1 29
-1 -2 29
-1 0 29
2 2 30
-4.5072 1.5648 0
0.754944 -5.54093 0
-1.384 -5.584 0
2 -1.48 0
-4.48 0 0
-3.616 -5.456 0
-2.7952 1.032 0
0.5648 -1.4672 0
0.669333 1.70133 0
2 0.48 0
-6 1.48 0
-3.52 -1 0
0.52 0 0
-2.5648 -2.4928 0
-6 -1.52 0
-0.748864 -3.50893 0
-1.8 -0.384 0
-4.52 -2 0
-1.33067 1.70133 0
1.58093 -3.75398 0
-3.66933 -3.62933 0
0 1 0
-5.4672 -4.5648 0
-6 0 0
-6 -6 0
-5.48 -3 0
-5 -1 0
-5 -6 0
-1 -1.16 0
2 2 0

-5 1 1
-4 1 1
-4 2 1
-5 2 1
0 -6 2
2 -6 2
1 -6 2
0 -5 2
1 -5 2
-1 -5 3
-2 -6 3
-2 -5 3
-1 -6 3
2 -1 4
2 -2 4
-5 0 5
-4 0 5
-4 -6 6
-3 -5 6
-4 -5 6
-3 -6 6
-3 1 7
-2 1 7
-3 0 7
-3 2 7
1 -1 8
0 -2 8
0 -1 8
1 -2 8
1 2 9
1 1 9
0 2 9
2 0 10
2 1 10
-6 1 11
-6 2 11
-3 -1 12
-4 -1 12
1 0 13
0 0 13
-3 -2 14
-2 -2 14
-2 -3 14
-3 -3 14
-6 -1 15
-6 -2 15
-1 -4 16
-2 -4 16
0 -4 16
0 -3 16
-1 -3 16
-2 -1 17
-2 0 17
-5 -2 18
-4 -2 18
-1 2 19
-1 1 19
-2 2 19
1 -4 20
2 -5 20
2 -3 20
1 -3 20
2 -4 20
-4 -3 21
-4 -4 21
-3 -4 21
0 1 22
-5 -5 23
-6 -4 23
-5 -4 23
-6 -5 23
-6 0 24
-6 -6 25
-5 -3 26
-6 -3 26
-5 -1 27
-5 -6 28
-1 -1 29
-1 -2 29
-1 0 29
2 2 30
-4.5072 1.5648 0
0.754944 -5.54093 0
-1.5072 -5.4672 0
2 -1.48 0
-4.48 0 0
-3.616 -5.456 0
-2.7952 1.032 0
0.5648 -1.4672 0
0.669333 1.70133 0
2 0.48 0
-6 1.48 0
-3.52 -1 0
0.52 0 0
-2.5648 -2.4928 0
-6 -1.52 0
-0.748864 -3.50893 0
-1.8 -0.384 0
-4.52 -2 0
-1.33067 1.70133 0
1.58093 -3.75398 0
-3.66933 -3.62933 0
0 1 0
-5.4672 -4.5648 0
-6 0 0
-6 -6 0
-5.48 -3 0
-5 -1 0
-5 -6 0
-1 -1.16 0
2 2 0

-5 1 1
-4 1 1
-4 2 1
-5 2 1
0 -6 2
2 -6 2
1 -6 2
0 -5 2
1 -5 2
-1 -5 3
-2 -6 3
-2 -5 3
-1 -6 3
2 -1 4
2 -2 4
-5 0 5
-4 0 5
-4 -6 6
-3 -5 6
-4 -5 6
-3 -6 6
-3 1 7
-2 1 7
-3 0 7
-3 2 7
1 -1 8
0 -2 8
0 -1 8
1 -2 8
1 2 9
1 1 9
0 2 9
2 0 10
2 1 10
-6 1 11
-6 2 11
-3 -1 12
-4 -1 12
1 0 13
0 0 13
-3 -2 14
-2 -2 14
-2 -3 14
-3 -3 14
-6 -1 15
-6 -2 15
-1 -4 16
-2 -4 16
0 -4 16
0 -3 16
-1 -3 16
-2 -1 17
-2 0 17
-5 -2 18
-4 -2 18
-1 2 19
-1 1 19
-2 2 19
1 -4 20
2 -5 20
2 -3 20
1 -3 20
2 -4 20
-4 -3 21
-4 -4 21
-3 -4 21
0 1 22
-5 -5 23
-6 -4 23
-5 -4 23
-6 -5 23
-6 0 24
-6 -6 25
-5 -3 26
-6 -3 26
-5 -1 27
-5 -6 28
-1 -1 29
-1 -2 29
-1 0 29
2 2 30
-4.5072 1.5648 0
0.754944 -5.54093 0
-1.5072 -5.4672 0
2 -1.48 0
-4.48 0 0
-3.4928 -5.5648 0
-2.7952 1.032 0
0.5648 -1.4672 0
0.669333 1.70133 0
2 0.48 0
-6 1.48 0
-3.52 -1 0
0.52 0 0
-2.5648 -2.4928 0
-6 -1.52 0
-0.748864 -3.50893 0
-1.8 -0.384 0
-4.52 -2 0
-1.33067 1.70133 0
1.58093 -3.75398 0
-3.66933 -3.62933 0
0 1 0
-5.4672 -4.5648 0
-6 0 0
-6 -6 0
-5.48 -3 0
-5 -1 0
-5 -6 0
-1 -1.16 0
2 2 0

